23 0.882265 0.375241 0.037584 0.150725
6 0.499425 0.446485 0.008795 0.008249
2 0.508644 0.447618 0.003880 0.003037
0 0.564787 0.432954 0.003152 0.008452
2 0.533434 0.424426 0.004009 0.002082
2 0.644169 0.424426 0.003981 0.002103
2 0.533434 0.447603 0.003780 0.003048
2 0.542728 0.447603 0.003859 0.003068
2 0.563972 0.447618 0.003823 0.002997
2 0.644128 0.447628 0.003694 0.003119
2 0.653442 0.447572 0.003830 0.003190
2 0.730064 0.447592 0.003794 0.002966
0 0.730900 0.432974 0.003223 0.008330
6 0.720928 0.446434 0.008702 0.008066
15 0.719456 0.431067 0.004188 0.005166
2 0.674729 0.447623 0.003722 0.002966
2 0.699519 0.447658 0.003851 0.003078
2 0.708788 0.447623 0.003794 0.002966
14 0.387310 0.365663 0.006247 0.008901
14 0.442481 0.365756 0.006247 0.008857
2 0.389821 0.446028 0.003632 0.002905
15 0.608691 0.431011 0.004189 0.005277
3 0.874862 0.432995 0.003988 0.014608
6 0.886999 0.446470 0.008631 0.008016
2 0.342525 0.447651 0.003775 0.003022
3 0.321262 0.432985 0.003895 0.014689
17 0.400647 0.435138 0.011051 0.013958
3 0.764173 0.433025 0.003938 0.014608
3 0.819537 0.432990 0.003938 0.014598
12 0.222536 0.402164 0.028020 0.044860
3 0.598078 0.433005 0.003887 0.014730
23 0.217046 0.365512 0.041528 0.118325
3 0.708784 0.432990 0.003988 0.014659
7 0.610162 0.393168 0.027797 0.028779
8 0.665644 0.392605 0.027619 0.022145
7 0.776367 0.393163 0.027864 0.028708
2 0.287136 0.452707 0.003818 0.003098
0 0.675501 0.432954 0.003212 0.008350
15 0.664095 0.431070 0.004189 0.005272
8 0.720989 0.392661 0.027735 0.022257
2 0.198679 0.392205 0.004091 0.003684
14 0.276470 0.321847 0.006307 0.008891
4 0.342491 0.433792 0.004146 0.005841
2 0.321211 0.447664 0.003775 0.003108
13 0.496519 0.343071 0.007367 0.018308
14 0.497960 0.365841 0.006248 0.008931
1 0.287131 0.429500 0.004024 0.002215
4 0.367245 0.430343 0.003701 0.005221
2 0.410371 0.446064 0.003632 0.002915
3 0.381505 0.429028 0.002314 0.009661
16 0.410399 0.438628 0.003639 0.007426
2 0.754897 0.425572 0.004038 0.002045
2 0.588801 0.447631 0.003771 0.002942
2 0.598046 0.447631 0.003765 0.002942
2 0.619350 0.447653 0.003780 0.002945
2 0.754883 0.448712 0.003780 0.002930
2 0.764178 0.447608 0.003742 0.002936
2 0.865614 0.447611 0.003772 0.002867
2 0.874876 0.447634 0.003815 0.002968
2 0.896156 0.447622 0.003695 0.003005
2 0.810254 0.424406 0.004024 0.002062
2 0.865658 0.424400 0.004101 0.002034
0 0.620137 0.432908 0.003255 0.008320
0 0.896996 0.432954 0.003060 0.008411
6 0.610212 0.446504 0.008625 0.007964
6 0.776260 0.446541 0.008551 0.008096
15 0.774815 0.431115 0.004326 0.005465
4 0.754940 0.434890 0.004153 0.005761
4 0.865641 0.433823 0.004078 0.005740
23 0.605426 0.375235 0.037584 0.150750
14 0.207305 0.326975 0.005608 0.007928
14 0.234757 0.318018 0.005493 0.007941
13 0.275087 0.343045 0.007366 0.017969
14 0.276458 0.365823 0.006247 0.008437
14 0.331845 0.321767 0.006340 0.008833
2 0.342550 0.424406 0.003977 0.002052
23 0.333319 0.375210 0.028153 0.148584
14 0.387257 0.321821 0.006340 0.008833
14 0.442718 0.321617 0.006341 0.008833
14 0.497929 0.321915 0.006340 0.008833
14 0.553243 0.321679 0.006340 0.008832
14 0.608723 0.321679 0.006340 0.008832
14 0.664037 0.321679 0.006341 0.008832
14 0.719350 0.321681 0.006340 0.008356
14 0.774832 0.321679 0.006340 0.008356
14 0.830145 0.321679 0.006340 0.008356
14 0.885459 0.321915 0.006340 0.008355
13 0.441173 0.342901 0.007367 0.017968
13 0.551865 0.342901 0.007366 0.017968
13 0.607268 0.343095 0.007367 0.017968
13 0.662729 0.343095 0.007366 0.017968
13 0.717902 0.342891 0.007366 0.017968
13 0.773363 0.343095 0.007366 0.017968
13 0.828680 0.343095 0.007366 0.017968
13 0.883997 0.342891 0.007367 0.017968
14 0.553293 0.365632 0.006248 0.008708
14 0.608747 0.365784 0.006248 0.008708
14 0.663985 0.365937 0.006248 0.008708
14 0.719439 0.365858 0.006248 0.008551
14 0.774786 0.365784 0.006247 0.008551
14 0.830239 0.365784 0.006247 0.008551
14 0.885620 0.365911 0.006247 0.008551
2 0.373037 0.353394 0.003614 0.002902
2 0.588856 0.424405 0.003935 0.001942
2 0.699527 0.424336 0.003935 0.001942
2 0.785458 0.447570 0.003695 0.002867
2 0.810283 0.447585 0.003694 0.002867
2 0.819550 0.447630 0.003694 0.002866
2 0.840820 0.447630 0.003694 0.002866
0 0.786254 0.432960 0.003060 0.008236
0 0.841615 0.432952 0.003060 0.008131
6 0.831673 0.446502 0.008551 0.007963
15 0.830194 0.431118 0.004188 0.005021
4 0.588796 0.433832 0.004009 0.005594
4 0.699554 0.433813 0.004009 0.005594
4 0.810263 0.433827 0.004009 0.005594
23 0.715861 0.374985 0.037584 0.150945
23 0.771403 0.375380 0.037584 0.151431
23 0.826846 0.375124 0.037584 0.150959
23 0.439480 0.375035 0.037487 0.150516
23 0.280319 0.377179 0.018107 0.154907
3 0.234749 0.330836 0.003693 0.014313
11 0.333406 0.390019 0.027727 0.034894
7 0.444053 0.393493 0.027642 0.029307
8 0.499522 0.396780 0.027712 0.021373
7 0.554822 0.393275 0.027512 0.029094
8 0.831703 0.392686 0.027740 0.022186
8 0.887043 0.396876 0.027740 0.021221
15 0.442588 0.431075 0.004426 0.005709
23 0.494546 0.375315 0.038184 0.150982
5 0.207315 0.345220 0.004139 0.010677
2 0.234681 0.345799 0.004548 0.003667
18 0.210859 0.369845 0.017681 0.026219
4 0.287116 0.438851 0.004196 0.005861
2 0.367263 0.423735 0.003176 0.002672
2 0.367238 0.446079 0.003499 0.002926
2 0.381478 0.446074 0.003632 0.002976
5 0.400481 0.414760 0.003463 0.011174
4 0.422706 0.433812 0.004124 0.005841
2 0.422772 0.424446 0.003935 0.002164
3 0.431965 0.433030 0.004045 0.014923
2 0.422710 0.447582 0.003873 0.003068
2 0.431950 0.447623 0.003830 0.003068
6 0.444090 0.446446 0.008809 0.007963
2 0.453280 0.447628 0.003880 0.003159
0 0.453991 0.432899 0.003246 0.008341
4 0.478045 0.433812 0.004175 0.005882
2 0.478056 0.424462 0.004168 0.002275
2 0.478030 0.447587 0.003902 0.003200
2 0.487300 0.447653 0.003844 0.003190
3 0.487332 0.432995 0.004009 0.014872
13 0.330371 0.343039 0.007585 0.018269
14 0.331824 0.365873 0.006654 0.008665
4 0.373026 0.337683 0.003751 0.005252
1 0.373047 0.331131 0.003435 0.002814
23 0.388821 0.373734 0.047532 0.148017
3 0.542710 0.433015 0.004024 0.014649
3 0.653424 0.433025 0.003981 0.014730
6 0.554829 0.446485 0.008788 0.008127
6 0.665499 0.446434 0.008817 0.008086
15 0.553327 0.431090 0.004275 0.005191
4 0.533448 0.433823 0.004110 0.005861
4 0.644189 0.433818 0.004084 0.005811
23 0.549911 0.375442 0.037584 0.150455
23 0.660596 0.375087 0.037584 0.150455
0 0.509420 0.432898 0.003334 0.008381
