13 0.170985 0.141165 0.003119 0.006081
14 0.171686 0.132874 0.003822 0.005364
14 0.171696 0.150423 0.003851 0.005274
14 0.181182 0.178303 0.003851 0.005274
14 0.219190 0.132875 0.003851 0.005274
14 0.219235 0.150455 0.003823 0.005274
14 0.228744 0.173324 0.003852 0.005273
14 0.267412 0.132897 0.003851 0.005274
14 0.267405 0.152048 0.003851 0.005274
14 0.276966 0.178282 0.003851 0.005273
14 0.314325 0.132906 0.003831 0.005277
14 0.314331 0.150433 0.003815 0.005274
14 0.323887 0.173928 0.003815 0.005274
14 0.361957 0.132859 0.003815 0.005273
14 0.361966 0.150434 0.003840 0.005274
14 0.371517 0.186085 0.003104 0.004303
14 0.409603 0.132882 0.003830 0.005324
14 0.409607 0.150431 0.003808 0.005324
14 0.419123 0.186100 0.003185 0.004314
14 0.457652 0.132871 0.003817 0.005327
14 0.457678 0.150433 0.003808 0.005324
14 0.467171 0.179276 0.003102 0.004325
14 0.171905 0.512533 0.003808 0.005215
14 0.171914 0.530074 0.003808 0.005324
14 0.219410 0.512478 0.003808 0.005325
14 0.219407 0.530072 0.003808 0.005325
14 0.266891 0.512510 0.003808 0.005211
14 0.266905 0.530073 0.003808 0.005324
14 0.314324 0.512485 0.003808 0.005324
14 0.314324 0.530072 0.003808 0.005324
14 0.361962 0.512479 0.003808 0.005324
14 0.361970 0.530101 0.003808 0.005324
14 0.409595 0.512533 0.003808 0.005216
14 0.409598 0.530053 0.003808 0.005324
14 0.457167 0.512521 0.003808 0.005233
14 0.457166 0.530019 0.003810 0.005325
13 0.218518 0.141124 0.003159 0.006039
13 0.266677 0.142876 0.003126 0.006039
13 0.313600 0.141111 0.003113 0.005993
13 0.361232 0.141132 0.003129 0.005953
13 0.408877 0.141168 0.003159 0.006039
13 0.456945 0.141139 0.003162 0.006040
13 0.171193 0.520822 0.003118 0.005939
13 0.218680 0.520789 0.003129 0.005862
13 0.266182 0.520887 0.003112 0.006039
13 0.313601 0.520846 0.003102 0.005932
13 0.361249 0.520794 0.003119 0.005893
13 0.408878 0.520796 0.003097 0.005868
13 0.456446 0.520827 0.003098 0.005968
3 0.162143 0.182654 0.002393 0.007954
3 0.209697 0.177618 0.002377 0.007847
3 0.257919 0.182662 0.002377 0.007907
3 0.304841 0.178278 0.002393 0.007954
3 0.352447 0.191051 0.002442 0.008003
3 0.400054 0.191056 0.002378 0.007956
3 0.448114 0.184376 0.002371 0.007924
3 0.466738 0.575264 0.002386 0.007925
3 0.371486 0.576598 0.002462 0.007954
3 0.228922 0.575271 0.002442 0.007950
3 0.181400 0.575266 0.002393 0.007954
1 0.166922 0.178423 0.003629 0.002966
1 0.214452 0.173398 0.003674 0.002879
1 0.262667 0.178424 0.003660 0.002986
1 0.309583 0.174052 0.003670 0.002972
1 0.357226 0.186854 0.003647 0.002966
1 0.404839 0.186863 0.003643 0.002992
1 0.452870 0.180147 0.003649 0.002966
1 0.447687 0.571059 0.003670 0.002966
1 0.400043 0.572411 0.003693 0.002841
1 0.352439 0.572426 0.003593 0.002872
1 0.304824 0.571064 0.003629 0.002966
1 0.257416 0.571068 0.003656 0.002967
1 0.209887 0.571064 0.003636 0.002997
1 0.162348 0.571043 0.003679 0.002976
2 0.162119 0.191473 0.003825 0.002080
2 0.166914 0.191462 0.003889 0.002082
2 0.209701 0.186402 0.003824 0.002080
2 0.214451 0.186403 0.003825 0.002061
2 0.234705 0.207128 0.003824 0.002059
2 0.257922 0.191485 0.003823 0.002036
2 0.262657 0.191486 0.003808 0.002080
2 0.304834 0.187122 0.003826 0.002066
2 0.331039 0.206921 0.003482 0.001883
2 0.352454 0.199918 0.003909 0.002080
2 0.357214 0.199918 0.003859 0.002080
2 0.400037 0.199913 0.003835 0.002104
2 0.404860 0.199911 0.003824 0.002079
2 0.448109 0.193205 0.003824 0.002050
2 0.452855 0.193199 0.003839 0.002061
2 0.466724 0.584119 0.003837 0.002059
2 0.447680 0.584105 0.003824 0.002080
2 0.400044 0.585428 0.003824 0.002082
2 0.371482 0.585424 0.003892 0.002111
2 0.352428 0.585421 0.003874 0.002075
2 0.304797 0.584100 0.003901 0.002056
2 0.257414 0.584117 0.003833 0.002062
2 0.228923 0.584102 0.003906 0.002072
2 0.209882 0.584100 0.003919 0.002076
2 0.181396 0.584111 0.003852 0.002030
2 0.162353 0.584102 0.003842 0.002080
4 0.166908 0.185527 0.003305 0.004592
4 0.214480 0.180514 0.003332 0.004698
4 0.262694 0.185587 0.003332 0.004689
4 0.309582 0.181221 0.003312 0.004686
4 0.357252 0.193972 0.003305 0.004592
4 0.404826 0.193986 0.003325 0.004592
4 0.452899 0.187277 0.003334 0.004602
4 0.447683 0.578174 0.003262 0.004592
4 0.400086 0.579545 0.003334 0.004704
4 0.352446 0.579492 0.003320 0.004567
4 0.304806 0.578153 0.003305 0.004592
4 0.257370 0.578166 0.003317 0.004592
4 0.209882 0.578160 0.003330 0.004592
4 0.162391 0.578150 0.003320 0.004550
5 0.181176 0.186654 0.002374 0.007798
5 0.228756 0.180823 0.002386 0.007940
5 0.276963 0.186661 0.002374 0.007799
5 0.323878 0.182288 0.002374 0.007799
5 0.371522 0.191744 0.001987 0.006455
5 0.419127 0.191737 0.002028 0.006408
5 0.467153 0.184955 0.001944 0.006401
15 0.171696 0.190210 0.003838 0.005182
15 0.219225 0.190223 0.003886 0.005230
15 0.267411 0.190210 0.003828 0.005175
15 0.314320 0.190217 0.003822 0.005181
15 0.361952 0.190214 0.003838 0.005181
15 0.409616 0.190279 0.003819 0.005301
15 0.457678 0.196286 0.003807 0.005133
22 0.181216 0.201383 0.005075 0.012919
22 0.276960 0.201386 0.005008 0.012919
22 0.371482 0.201797 0.004066 0.010466
19 0.228775 0.193481 0.004963 0.012976
16 0.330991 0.198363 0.004542 0.007130
16 0.234713 0.197627 0.004987 0.008078
17 0.323859 0.194567 0.009029 0.012355
17 0.467231 0.198170 0.008946 0.012354
21 0.419137 0.201796 0.004077 0.010508
10 0.268796 0.163057 0.021538 0.015557
10 0.173038 0.163950 0.021533 0.015511
8 0.220512 0.161415 0.021575 0.015478
8 0.315685 0.162109 0.021472 0.015479
11 0.363347 0.168121 0.021564 0.029023
11 0.410979 0.168184 0.021515 0.028991
7 0.459026 0.164812 0.021496 0.022272
6 0.268793 0.198383 0.006559 0.005373
6 0.459003 0.203734 0.006503 0.005413
7 0.173211 0.551863 0.021496 0.022271
11 0.220757 0.551125 0.021515 0.028991
11 0.268260 0.551144 0.021515 0.028991
7 0.315721 0.551976 0.021495 0.022271
12 0.363307 0.550325 0.021564 0.035591
12 0.410935 0.550323 0.021530 0.035672
8 0.458631 0.552820 0.021575 0.015433
23 0.171735 0.166979 0.024091 0.082312
23 0.267802 0.166963 0.023511 0.082388
23 0.318115 0.166972 0.030351 0.082310
23 0.362304 0.166958 0.023672 0.082277
23 0.409920 0.166948 0.023604 0.082439
23 0.458918 0.166993 0.025585 0.082247
23 0.271172 0.546620 0.031344 0.082318
23 0.223644 0.546602 0.031451 0.082354
23 0.176130 0.546622 0.031415 0.082273
23 0.461446 0.546627 0.031379 0.082284
23 0.413868 0.546625 0.031372 0.082126
23 0.366203 0.546632 0.031436 0.082273
23 0.318563 0.546561 0.031424 0.082152
24 0.189937 0.524186 0.003782 0.005267
24 0.237476 0.524171 0.003781 0.005266
24 0.284976 0.524174 0.003737 0.005268
24 0.332397 0.524150 0.003737 0.005268
24 0.380046 0.530674 0.003737 0.005268
24 0.427650 0.530671 0.003823 0.005297
24 0.475261 0.524174 0.003767 0.005309
23 0.222526 0.166914 0.029360 0.082487
2 0.309576 0.187119 0.003841 0.002072
