23 0.316681 0.169520 0.028678 0.077093
14 0.225439 0.172384 0.003831 0.005534
14 0.180442 0.179356 0.003831 0.005535
4 0.309289 0.183268 0.003382 0.004707
5 0.180453 0.187533 0.002409 0.008000
1 0.261630 0.176138 0.003851 0.003393
8 0.217151 0.160611 0.021596 0.015492
8 0.267769 0.162261 0.021596 0.015583
14 0.275943 0.176008 0.003831 0.005535
10 0.172224 0.165603 0.021469 0.015360
8 0.315360 0.162378 0.021595 0.015817
15 0.314030 0.196084 0.004060 0.005882
4 0.166136 0.566876 0.003801 0.005079
3 0.161421 0.564044 0.002874 0.008523
2 0.161374 0.572836 0.004098 0.002804
2 0.166127 0.572863 0.004132 0.002848
1 0.166174 0.559795 0.004042 0.003489
5 0.180463 0.562053 0.002932 0.008503
21 0.180421 0.576736 0.005712 0.013688
15 0.266404 0.196125 0.004031 0.005780
5 0.275954 0.184356 0.002752 0.008452
1 0.309230 0.176153 0.003959 0.003241
3 0.256876 0.180308 0.002651 0.008178
3 0.304487 0.180328 0.002623 0.008239
23 0.269338 0.168388 0.028462 0.079917
21 0.275911 0.199065 0.005253 0.013490
21 0.323522 0.199035 0.005296 0.013409
19 0.225444 0.192160 0.005260 0.013243
16 0.231433 0.196282 0.005339 0.008249
14 0.266353 0.133690 0.003919 0.005738
13 0.313333 0.142131 0.003241 0.006265
13 0.256931 0.132223 0.003779 0.003474
23 0.173679 0.169122 0.028298 0.078192
23 0.221730 0.169128 0.034339 0.078119
15 0.170964 0.199279 0.004053 0.005750
4 0.211163 0.179663 0.003586 0.005181
4 0.166164 0.186418 0.003578 0.004978
2 0.166139 0.192320 0.003887 0.002479
2 0.161398 0.192290 0.003887 0.002418
2 0.206406 0.185595 0.003830 0.002357
2 0.211181 0.185590 0.003952 0.002367
2 0.231321 0.205785 0.004053 0.002529
1 0.166149 0.179302 0.003866 0.003200
1 0.211145 0.172552 0.003851 0.003332
3 0.161378 0.183492 0.002630 0.008127
3 0.206399 0.176768 0.002680 0.008310
21 0.180466 0.200086 0.005382 0.013460
13 0.170173 0.141290 0.003392 0.006347
14 0.170906 0.150406 0.003967 0.005668
15 0.170967 0.575833 0.004146 0.005709
13 0.215309 0.141218 0.003255 0.006410
14 0.215938 0.150356 0.004010 0.005728
4 0.256898 0.139334 0.003427 0.004957
2 0.256888 0.145276 0.003964 0.002458
2 0.261660 0.189176 0.003964 0.002550
2 0.256889 0.189130 0.003964 0.002438
13 0.265697 0.142127 0.003122 0.006153
14 0.170937 0.132932 0.003831 0.005415
14 0.215970 0.132981 0.003831 0.005415
14 0.266416 0.151124 0.003831 0.005415
14 0.314020 0.133747 0.003831 0.005416
14 0.314026 0.151270 0.003831 0.005415
2 0.304472 0.189176 0.003876 0.002448
2 0.309264 0.189171 0.003876 0.002438
14 0.323468 0.176092 0.003966 0.005536
15 0.215978 0.200833 0.003792 0.005506
4 0.261662 0.183261 0.003471 0.004912
5 0.225472 0.179500 0.002644 0.008208
5 0.323518 0.184407 0.002716 0.008371
