1 0.564539 0.196756 0.003579 0.002912
23 0.555583 0.175015 0.022943 0.084163
8 0.602909 0.177063 0.020955 0.015093
2 0.592314 0.209403 0.003775 0.001978
14 0.647563 0.156878 0.003770 0.005190
23 0.416668 0.172151 0.023019 0.078495
14 0.462651 0.139817 0.003721 0.005253
13 0.508246 0.147881 0.003067 0.005923
13 0.461947 0.147913 0.003067 0.005961
14 0.508956 0.156889 0.003770 0.005239
14 0.462641 0.156900 0.003733 0.005257
14 0.184404 0.139758 0.003868 0.005527
14 0.184405 0.156881 0.003827 0.005440
13 0.183711 0.147990 0.003103 0.006200
0 0.174647 0.200260 0.002764 0.004710
2 0.175141 0.209409 0.003715 0.001976
2 0.179773 0.209409 0.003780 0.001976
1 0.179772 0.196759 0.003629 0.002926
2 0.193645 0.209414 0.003780 0.002005
4 0.179773 0.203629 0.003204 0.004578
6 0.185756 0.207119 0.006388 0.005348
15 0.184408 0.199299 0.003708 0.005113
3 0.193688 0.200825 0.002411 0.007769
14 0.230402 0.139817 0.003736 0.005330
14 0.230404 0.156889 0.003718 0.005300
13 0.229715 0.147902 0.003068 0.005983
0 0.220626 0.200220 0.002716 0.004531
2 0.221163 0.209422 0.003780 0.002023
2 0.225761 0.209417 0.003780 0.001991
4 0.225801 0.203660 0.003269 0.004576
1 0.225763 0.196761 0.003650 0.002895
15 0.230401 0.199318 0.003708 0.005137
6 0.231731 0.207131 0.006352 0.005359
3 0.239672 0.200832 0.002400 0.007740
2 0.239671 0.209417 0.003729 0.001971
23 0.230721 0.172181 0.022958 0.078474
14 0.277359 0.139798 0.003779 0.005298
14 0.277360 0.156929 0.003779 0.005281
14 0.323700 0.139856 0.003770 0.005189
14 0.323705 0.156884 0.003765 0.005249
9 0.463930 0.176292 0.020964 0.021715
10 0.510300 0.177057 0.020975 0.015107
0 0.452864 0.200229 0.002715 0.004570
2 0.453409 0.209407 0.003780 0.001990
1 0.518231 0.196757 0.003634 0.002895
6 0.463973 0.207127 0.006352 0.005352
4 0.518227 0.203627 0.003209 0.004612
4 0.564545 0.203628 0.003269 0.004629
14 0.601582 0.139876 0.003764 0.005132
1 0.610849 0.196760 0.003637 0.002895
2 0.471874 0.209403 0.003769 0.001979
2 0.518227 0.209406 0.003780 0.001973
23 0.509297 0.172166 0.022991 0.078505
7 0.556560 0.176305 0.020961 0.021689
2 0.564539 0.209406 0.003708 0.001973
13 0.600870 0.147887 0.003068 0.005933
4 0.610855 0.203627 0.003210 0.004632
2 0.642941 0.209427 0.003780 0.002023
2 0.245789 0.580370 0.003780 0.002023
7 0.648901 0.177010 0.020974 0.021681
15 0.647568 0.199910 0.003764 0.005118
1 0.642936 0.196747 0.003573 0.002909
14 0.693554 0.139848 0.003770 0.005190
14 0.693547 0.156896 0.003769 0.005245
8 0.694892 0.176248 0.020951 0.015119
4 0.471921 0.203633 0.003269 0.004620
6 0.510249 0.207124 0.006352 0.005338
14 0.555266 0.139820 0.003702 0.005245
0 0.545499 0.200236 0.002700 0.004546
14 0.601577 0.156892 0.003787 0.005274
2 0.610849 0.209399 0.003780 0.001987
23 0.601902 0.172978 0.022989 0.080110
1 0.471916 0.196754 0.003570 0.002916
15 0.508956 0.199278 0.003774 0.005102
13 0.554589 0.147901 0.003060 0.005983
2 0.546040 0.209414 0.003773 0.001977
15 0.601582 0.199891 0.003763 0.005093
14 0.647562 0.139864 0.003769 0.005189
3 0.656844 0.200824 0.002358 0.007758
4 0.642927 0.203621 0.003269 0.004642
2 0.638298 0.209414 0.003780 0.001977
3 0.702830 0.200827 0.002359 0.007794
15 0.693557 0.199889 0.003775 0.005118
1 0.688922 0.196762 0.003560 0.002879
4 0.688924 0.203616 0.003269 0.004613
2 0.688956 0.209413 0.003766 0.001978
2 0.684284 0.209418 0.003779 0.001988
15 0.462651 0.199287 0.003692 0.005137
0 0.499182 0.200195 0.002771 0.004507
13 0.276719 0.147900 0.003075 0.005983
3 0.286628 0.200835 0.002357 0.007765
15 0.277369 0.199290 0.003759 0.005137
6 0.278660 0.207106 0.006353 0.005374
2 0.286635 0.209396 0.003794 0.001993
2 0.272766 0.209412 0.003767 0.001981
23 0.462963 0.172151 0.022958 0.078474
2 0.268104 0.209402 0.003780 0.001981
0 0.267586 0.200225 0.002774 0.004534
1 0.272767 0.196765 0.003621 0.002875
4 0.272767 0.203616 0.003233 0.004592
13 0.323004 0.147841 0.003068 0.005881
10 0.324998 0.177052 0.021025 0.015136
3 0.332985 0.200818 0.002335 0.007751
15 0.323705 0.199297 0.003780 0.005105
1 0.319078 0.196758 0.003547 0.002895
6 0.325006 0.207120 0.006368 0.005359
2 0.332985 0.209411 0.003780 0.001962
2 0.319077 0.209411 0.003708 0.001962
2 0.314443 0.209399 0.003780 0.001986
0 0.313904 0.200211 0.002702 0.004506
4 0.319077 0.203620 0.003269 0.004625
23 0.324032 0.172204 0.022958 0.078521
23 0.277686 0.172191 0.023044 0.078515
0 0.360252 0.200200 0.002726 0.004570
2 0.360751 0.209407 0.003713 0.001991
6 0.371314 0.207130 0.006427 0.005345
15 0.369986 0.199898 0.003765 0.005137
2 0.379253 0.209401 0.003780 0.002003
4 0.379286 0.203622 0.003269 0.004623
1 0.379282 0.196762 0.003568 0.002879
2 0.499692 0.209400 0.003778 0.001984
7 0.371326 0.176290 0.020989 0.021698
14 0.369985 0.156894 0.003790 0.005230
13 0.369338 0.147864 0.003068 0.005983
14 0.369997 0.139828 0.003770 0.005235
23 0.370347 0.172191 0.022958 0.078514
2 0.407058 0.209407 0.003780 0.001991
0 0.406564 0.200209 0.002766 0.004539
15 0.416337 0.199282 0.003771 0.005113
6 0.417627 0.207112 0.006353 0.005359
2 0.425608 0.209403 0.003780 0.001979
4 0.425601 0.203628 0.003204 0.004629
1 0.425601 0.196756 0.003623 0.002892
8 0.417676 0.177057 0.021010 0.015125
14 0.416334 0.156898 0.003770 0.005262
13 0.415615 0.147896 0.003068 0.005983
14 0.416325 0.139855 0.003769 0.005147
14 0.508970 0.139846 0.003769 0.005190
14 0.555271 0.156881 0.003722 0.005255
15 0.555267 0.204016 0.003701 0.005218
0 0.591809 0.200182 0.002787 0.004491
13 0.646856 0.147910 0.003068 0.005983
2 0.656843 0.209402 0.003780 0.002000
0 0.637757 0.200211 0.002707 0.004514
23 0.647881 0.172978 0.023014 0.080109
13 0.692838 0.147892 0.003068 0.005923
2 0.702823 0.209403 0.003780 0.001998
0 0.683784 0.200218 0.002784 0.004542
23 0.693862 0.172977 0.023026 0.080107
14 0.739974 0.139834 0.003770 0.005227
14 0.739968 0.156895 0.003769 0.005248
11 0.741307 0.176196 0.020971 0.028226
0 0.730234 0.200215 0.002722 0.004548
13 0.739335 0.147906 0.003068 0.005983
1 0.735380 0.196760 0.003638 0.002895
2 0.730747 0.209410 0.003706 0.002005
2 0.735378 0.209408 0.003780 0.001988
2 0.749238 0.209402 0.003780 0.002000
4 0.735380 0.203635 0.003206 0.004636
15 0.739972 0.199309 0.003780 0.005181
6 0.741311 0.207122 0.006449 0.005359
3 0.749278 0.200815 0.002414 0.007776
23 0.740338 0.172185 0.022958 0.078543
14 0.786796 0.139825 0.003703 0.005229
14 0.786785 0.156895 0.003724 0.005289
9 0.788091 0.176306 0.020972 0.021728
0 0.777013 0.200226 0.002717 0.004570
13 0.786111 0.147905 0.003068 0.005983
1 0.796055 0.196755 0.003565 0.002895
2 0.777517 0.209406 0.003693 0.001992
2 0.796023 0.209405 0.003780 0.001994
4 0.796059 0.203623 0.003269 0.004640
15 0.786782 0.199901 0.003708 0.005137
23 0.787091 0.173003 0.022958 0.080118
14 0.832303 0.139813 0.003770 0.005246
14 0.832306 0.156900 0.003770 0.005278
10 0.833572 0.176241 0.020949 0.015112
0 0.822497 0.200226 0.002717 0.004569
13 0.831592 0.147905 0.003068 0.005983
1 0.827679 0.196756 0.003562 0.002912
2 0.823043 0.209414 0.003780 0.001977
2 0.827631 0.209415 0.003780 0.001994
2 0.841584 0.209407 0.003780 0.002010
4 0.827672 0.203609 0.003269 0.004646
15 0.832308 0.199889 0.003776 0.005119
3 0.841536 0.200826 0.002406 0.007775
23 0.832575 0.172991 0.022958 0.080094
14 0.878584 0.139826 0.003770 0.005252
14 0.878577 0.157694 0.003769 0.005254
5 0.878586 0.149569 0.002414 0.007727
8 0.879918 0.176247 0.020965 0.015121
3 0.887855 0.200815 0.002374 0.007798
2 0.887849 0.209402 0.003780 0.001981
6 0.879874 0.207138 0.006352 0.005350
15 0.878594 0.199298 0.003780 0.005137
1 0.873988 0.196764 0.003638 0.002896
4 0.873989 0.203632 0.003205 0.004642
2 0.873975 0.209405 0.003792 0.001994
2 0.869358 0.209427 0.003729 0.001991
0 0.868850 0.200225 0.002719 0.004570
23 0.878955 0.172172 0.022958 0.078559
14 0.925068 0.138239 0.003770 0.005189
13 0.924367 0.146276 0.003068 0.005965
14 0.925075 0.155226 0.003770 0.005190
12 0.926401 0.175735 0.020950 0.034796
0 0.915310 0.200514 0.002792 0.004539
2 0.915811 0.209663 0.003780 0.002088
2 0.920454 0.209664 0.003729 0.002106
4 0.920438 0.203897 0.003269 0.004599
1 0.920447 0.196962 0.003570 0.002895
15 0.925086 0.207926 0.003791 0.005137
6 0.926368 0.214635 0.006371 0.005359
2 0.934346 0.209664 0.003780 0.002106
3 0.934339 0.201077 0.002342 0.007679
23 0.925393 0.176253 0.022958 0.086678
14 0.184233 0.509071 0.003770 0.005243
13 0.183587 0.517169 0.003068 0.005983
14 0.184238 0.526132 0.003770 0.005253
8 0.185576 0.539249 0.020959 0.015184
5 0.193547 0.554827 0.002414 0.007778
21 0.193502 0.569096 0.004916 0.012783
3 0.188906 0.556660 0.002371 0.007769
2 0.188911 0.565248 0.003780 0.001990
15 0.184246 0.570373 0.003773 0.005137
6 0.185573 0.577378 0.006450 0.005342
2 0.179638 0.565251 0.003780 0.002004
4 0.179641 0.559442 0.003195 0.004663
1 0.179646 0.552602 0.003650 0.002895
0 0.174502 0.556051 0.002709 0.004570
2 0.175011 0.565246 0.003718 0.001994
23 0.184618 0.542152 0.022958 0.080139
14 0.230728 0.509082 0.003769 0.005221
14 0.230733 0.526114 0.003769 0.005189
8 0.232056 0.539256 0.020964 0.015210
0 0.220956 0.556071 0.002795 0.004570
13 0.230013 0.517125 0.003067 0.005916
1 0.226101 0.552498 0.003557 0.002895
2 0.221457 0.565202 0.003780 0.002104
2 0.226121 0.565198 0.003780 0.002112
2 0.235363 0.565197 0.003701 0.002113
4 0.226096 0.559464 0.003269 0.004620
15 0.230733 0.570683 0.003764 0.005137
6 0.232024 0.577376 0.006352 0.005359
3 0.235366 0.556614 0.002400 0.007699
5 0.240003 0.554794 0.002340 0.007682
19 0.240001 0.567024 0.004915 0.012662
16 0.245809 0.571147 0.004940 0.007888
23 0.233937 0.542148 0.028785 0.080139
14 0.277116 0.509070 0.003718 0.005264
14 0.277118 0.526141 0.003730 0.005276
8 0.278402 0.542705 0.020979 0.015200
0 0.267344 0.562797 0.002699 0.004570
13 0.276430 0.517152 0.003068 0.005983
1 0.272479 0.559206 0.003637 0.002895
2 0.267882 0.571899 0.003780 0.002098
2 0.272474 0.571896 0.003780 0.002085
4 0.272482 0.566159 0.003215 0.004598
15 0.277108 0.570683 0.003708 0.005137
6 0.278442 0.577386 0.006353 0.005359
5 0.286387 0.561488 0.002436 0.007683
22 0.286425 0.575805 0.004948 0.012734
23 0.277428 0.542144 0.022958 0.080138
14 0.322553 0.509084 0.003770 0.005258
14 0.322560 0.526097 0.003770 0.005189
7 0.323901 0.542901 0.020962 0.021695
0 0.312785 0.562739 0.002784 0.004509
13 0.321846 0.517141 0.003068 0.005945
1 0.317920 0.559195 0.003565 0.002922
2 0.313297 0.571894 0.003780 0.002089
2 0.317929 0.571901 0.003706 0.002095
2 0.327196 0.571904 0.003696 0.002089
4 0.317928 0.566156 0.003269 0.004625
15 0.322568 0.570667 0.003768 0.005111
6 0.323850 0.577387 0.006377 0.005359
3 0.327193 0.563315 0.002400 0.007666
5 0.331834 0.561499 0.002351 0.007681
22 0.331838 0.575811 0.004930 0.012742
23 0.322877 0.542166 0.023053 0.080139
14 0.369454 0.508422 0.003436 0.004773
14 0.369449 0.523756 0.003432 0.004784
11 0.370631 0.539284 0.018887 0.025495
0 0.360655 0.558874 0.002511 0.004112
13 0.368836 0.515659 0.002790 0.005435
1 0.365280 0.555751 0.003292 0.002700
2 0.361113 0.567130 0.003419 0.001904
2 0.365286 0.567126 0.003423 0.001893
2 0.373622 0.567126 0.003435 0.001893
2 0.383033 0.580732 0.003439 0.001904
4 0.365283 0.561956 0.002983 0.004147
15 0.369454 0.571251 0.003437 0.004655
6 0.370634 0.578362 0.005789 0.004857
3 0.373648 0.559409 0.002205 0.006984
5 0.377817 0.557728 0.002217 0.007076
19 0.377801 0.568820 0.004477 0.011567
16 0.383026 0.572464 0.004445 0.007103
23 0.372323 0.542151 0.025893 0.080103
14 0.416478 0.509074 0.003770 0.005237
14 0.416468 0.526083 0.003769 0.005189
7 0.417738 0.540067 0.020958 0.021715
0 0.406670 0.558523 0.002713 0.004570
13 0.415758 0.517146 0.003068 0.005983
1 0.411849 0.555036 0.003563 0.002895
2 0.407203 0.567688 0.003780 0.001987
2 0.411816 0.567680 0.003780 0.001982
2 0.421078 0.567689 0.003780 0.002004
4 0.411844 0.561942 0.003269 0.004539
15 0.416480 0.570676 0.003772 0.005137
6 0.417769 0.577382 0.006353 0.005359
3 0.421082 0.559107 0.002356 0.007793
5 0.425714 0.557267 0.002420 0.007774
21 0.425743 0.571594 0.004934 0.012664
23 0.416746 0.542195 0.022958 0.080139
14 0.461924 0.507383 0.003724 0.005189
14 0.461927 0.524501 0.003717 0.005225
12 0.463235 0.544981 0.020977 0.034824
0 0.452154 0.569732 0.002726 0.004501
13 0.461244 0.515529 0.003068 0.005983
1 0.457295 0.566197 0.003639 0.002895
2 0.452690 0.578917 0.003780 0.002081
2 0.457287 0.578901 0.003780 0.002092
2 0.466560 0.578903 0.003780 0.002088
4 0.457296 0.573134 0.003205 0.004545
15 0.461924 0.577220 0.003708 0.005211
6 0.463256 0.583884 0.006361 0.005358
3 0.466562 0.570269 0.002336 0.007776
5 0.471192 0.568443 0.002432 0.007792
21 0.471190 0.582760 0.004864 0.012659
23 0.462243 0.545601 0.022958 0.087098
14 0.508241 0.507376 0.003770 0.005189
14 0.508233 0.524449 0.003769 0.005189
25 0.509575 0.548234 0.020974 0.041322
0 0.498469 0.576246 0.002761 0.004497
13 0.507514 0.515494 0.003068 0.005927
1 0.503604 0.572703 0.003570 0.002908
2 0.498962 0.585414 0.003780 0.002110
2 0.503639 0.585414 0.003780 0.002090
2 0.512879 0.585407 0.003731 0.002103
4 0.503602 0.579664 0.003269 0.004629
15 0.508238 0.583772 0.003787 0.005110
6 0.509528 0.590400 0.006352 0.005359
3 0.512865 0.576872 0.002422 0.007796
5 0.517503 0.575004 0.002343 0.007651
21 0.517503 0.589315 0.004916 0.012756
23 0.508564 0.548941 0.023010 0.093759
14 0.555084 0.507381 0.003770 0.005173
14 0.555085 0.524499 0.003791 0.005228
12 0.556352 0.544984 0.020959 0.034818
0 0.545282 0.569729 0.002717 0.004447
13 0.554358 0.515503 0.003068 0.005951
1 0.550416 0.566209 0.003629 0.002895
2 0.545812 0.578903 0.003780 0.002088
2 0.550415 0.578904 0.003780 0.002086
2 0.559694 0.578912 0.003780 0.002071
4 0.550457 0.573132 0.003269 0.004549
15 0.555091 0.577230 0.003765 0.005232
6 0.556381 0.583880 0.006352 0.005358
3 0.559680 0.570273 0.002347 0.007768
5 0.564325 0.568445 0.002412 0.007786
22 0.564355 0.582768 0.004939 0.012643
23 0.555363 0.545600 0.022958 0.087055
14 0.766420 0.514043 0.003769 0.005249
14 0.766413 0.531113 0.003785 0.005246
14 0.775689 0.564040 0.003785 0.005240
7 0.767681 0.547877 0.020979 0.021698
0 0.756609 0.567737 0.002713 0.004550
13 0.765693 0.522118 0.003068 0.005947
1 0.761781 0.564179 0.003578 0.002895
2 0.757144 0.576885 0.003780 0.002081
2 0.761745 0.576880 0.003780 0.002071
2 0.775690 0.582617 0.003780 0.001994
4 0.761783 0.571147 0.003269 0.004638
15 0.766421 0.575701 0.003767 0.005221
6 0.767711 0.582376 0.006375 0.005359
3 0.775646 0.574032 0.002400 0.007786
23 0.766743 0.547154 0.022958 0.080168
14 0.874530 0.511169 0.003445 0.004765
14 0.874522 0.526484 0.003445 0.004752
14 0.882898 0.549937 0.003770 0.005145
8 0.875817 0.536099 0.020947 0.015186
13 0.873908 0.518467 0.002791 0.005346
5 0.882895 0.557478 0.002205 0.006966
2 0.878697 0.561126 0.003431 0.001884
15 0.874519 0.574002 0.003422 0.004678
6 0.875720 0.581088 0.005807 0.004870
3 0.878729 0.553406 0.002204 0.006963
21 0.882892 0.571249 0.004916 0.012764
0 0.865724 0.552888 0.002504 0.004118
1 0.870357 0.549755 0.003296 0.002725
2 0.866185 0.561131 0.003421 0.001895
2 0.870357 0.561139 0.003426 0.001899
4 0.870392 0.555952 0.002925 0.004126
23 0.875365 0.544975 0.021851 0.080116
9 0.278696 0.176176 0.020994 0.021674
7 0.185726 0.177004 0.020974 0.021789
23 0.184736 0.172197 0.023047 0.078546
8 0.231701 0.176252 0.020946 0.015074
