2 0.158673 0.563084 0.004160 0.002418
9 0.271061 0.167706 0.021650 0.022531
10 0.316807 0.168504 0.022131 0.016162
11 0.363818 0.168290 0.021851 0.029307
7 0.169390 0.535118 0.021671 0.022552
5 0.177423 0.552636 0.002544 0.008076
15 0.168032 0.566172 0.004009 0.005587
15 0.182097 0.566513 0.004017 0.005496
6 0.169343 0.572933 0.006661 0.005638
21 0.177416 0.567061 0.005174 0.013074
23 0.215230 0.164273 0.038758 0.082162
23 0.263264 0.164273 0.038758 0.082162
23 0.170303 0.537165 0.028411 0.081847
23 0.308998 0.164178 0.038755 0.082392
23 0.355892 0.164270 0.038507 0.082087
23 0.168607 0.164100 0.038758 0.081938
14 0.161281 0.130734 0.004117 0.005658
14 0.161263 0.148014 0.004067 0.005821
14 0.208166 0.130775 0.003959 0.005536
14 0.208166 0.147892 0.003988 0.005618
14 0.255738 0.130745 0.004009 0.005719
14 0.255734 0.147968 0.004074 0.005790
14 0.301394 0.130750 0.004139 0.005689
14 0.301412 0.147989 0.004089 0.005729
14 0.348434 0.130740 0.004089 0.005689
14 0.348444 0.148004 0.004067 0.005658
14 0.168079 0.503870 0.004146 0.005831
14 0.168028 0.521099 0.004103 0.005993
24 0.179054 0.148542 0.004038 0.005699
24 0.225882 0.148608 0.004081 0.005709
24 0.273453 0.148603 0.004132 0.005638
24 0.319153 0.148578 0.003988 0.005587
24 0.366196 0.148608 0.004045 0.005668
13 0.160545 0.138836 0.003334 0.006400
13 0.207437 0.138876 0.003277 0.006380
13 0.255041 0.138907 0.003377 0.006359
13 0.300665 0.138871 0.003427 0.006390
13 0.347769 0.138892 0.003449 0.006410
13 0.167360 0.512114 0.003370 0.006755
7 0.176662 0.167843 0.021959 0.023070
0 0.151441 0.191746 0.002975 0.004785
0 0.198254 0.191751 0.002932 0.004734
0 0.245890 0.191761 0.002939 0.004714
0 0.291485 0.191772 0.003047 0.004693
0 0.338607 0.191685 0.003118 0.004886
0 0.158202 0.553906 0.003219 0.005475
1 0.156578 0.188221 0.003966 0.003322
1 0.203517 0.188242 0.003830 0.003119
1 0.251081 0.188242 0.003866 0.003241
1 0.296688 0.188247 0.003923 0.003352
1 0.343745 0.188145 0.003938 0.003454
1 0.163448 0.550330 0.004067 0.003545
4 0.156553 0.195093 0.003643 0.005100
4 0.203471 0.195190 0.003507 0.004866
4 0.251063 0.195180 0.003499 0.004846
4 0.296741 0.195180 0.003586 0.004927
4 0.343799 0.195195 0.003542 0.004957
4 0.163412 0.557365 0.003650 0.005181
3 0.170622 0.192386 0.002594 0.008035
3 0.217518 0.192407 0.002601 0.008056
3 0.265129 0.192391 0.002687 0.008046
3 0.310728 0.192396 0.002745 0.008198
3 0.357800 0.192376 0.002572 0.007995
3 0.172724 0.554495 0.002687 0.008259
2 0.151926 0.201006 0.003974 0.002275
2 0.156550 0.201031 0.003952 0.002265
2 0.170669 0.201001 0.003923 0.002306
2 0.198778 0.201021 0.004024 0.002306
2 0.203514 0.201021 0.003995 0.002286
2 0.217525 0.201051 0.004053 0.002408
2 0.246400 0.201026 0.004002 0.002275
2 0.251056 0.201011 0.003930 0.002326
2 0.265143 0.200965 0.004110 0.002397
2 0.292039 0.201006 0.004067 0.002336
2 0.296659 0.201036 0.003966 0.002519
2 0.310748 0.201070 0.004012 0.002412
2 0.339136 0.201001 0.004031 0.002367
2 0.343774 0.201026 0.004009 0.002377
2 0.357829 0.201036 0.003995 0.002336
2 0.172785 0.563140 0.003945 0.002347
2 0.163318 0.563130 0.004038 0.002509
8 0.223532 0.168554 0.021599 0.015776
