8 0.222069 0.191996 0.020465 0.015199
7 0.398168 0.191083 0.020929 0.021886
8 0.442464 0.191838 0.020465 0.015199
8 0.486583 0.191838 0.020465 0.015199
11 0.530394 0.191715 0.021081 0.028671
11 0.574453 0.191466 0.021081 0.028671
14 0.220814 0.155979 0.003974 0.005754
14 0.220838 0.171984 0.003973 0.005753
14 0.265692 0.156081 0.003974 0.005754
14 0.265668 0.171951 0.003973 0.005753
14 0.309373 0.155979 0.003974 0.005754
14 0.309421 0.172018 0.003973 0.005754
14 0.353055 0.156114 0.003974 0.005754
14 0.353055 0.172120 0.003974 0.005754
14 0.396999 0.155945 0.003973 0.005753
14 0.397071 0.172086 0.003973 0.005753
14 0.441159 0.155979 0.003974 0.005754
14 0.441183 0.172188 0.003974 0.005753
14 0.485128 0.156081 0.003974 0.005754
14 0.485151 0.172053 0.003974 0.005753
14 0.529120 0.156081 0.003974 0.005754
14 0.529168 0.172120 0.003973 0.005754
14 0.573208 0.155878 0.003973 0.005754
14 0.573208 0.172086 0.003973 0.005753
13 0.220163 0.163658 0.003316 0.006433
13 0.265032 0.163775 0.003316 0.006432
13 0.308763 0.163716 0.003317 0.006432
13 0.352412 0.163687 0.003316 0.006432
13 0.396350 0.163687 0.003316 0.006432
13 0.440474 0.163716 0.003317 0.006432
13 0.484578 0.163745 0.003317 0.006432
13 0.528351 0.163804 0.003316 0.006433
13 0.572578 0.163658 0.003317 0.006433
0 0.166710 0.213517 0.003122 0.005590
1 0.171608 0.210134 0.003925 0.003406
4 0.171569 0.216763 0.003328 0.004621
3 0.184799 0.214043 0.002441 0.007604
15 0.175944 0.214716 0.003767 0.005205
6 0.177238 0.221062 0.006434 0.005440
0 0.211482 0.213594 0.002782 0.005065
0 0.256366 0.213502 0.002782 0.005066
0 0.300045 0.213376 0.002782 0.005066
0 0.343741 0.213528 0.002782 0.005066
0 0.387741 0.213426 0.002782 0.005065
0 0.431902 0.213502 0.002782 0.005066
0 0.475866 0.213502 0.002782 0.005066
0 0.519812 0.213325 0.002782 0.005066
0 0.563902 0.213376 0.002782 0.005066
1 0.216305 0.210073 0.003925 0.003407
1 0.261132 0.210109 0.003925 0.003407
1 0.304918 0.210058 0.003925 0.003407
1 0.361844 0.210033 0.003925 0.003406
1 0.405844 0.210083 0.003925 0.003407
1 0.450023 0.210159 0.003925 0.003406
1 0.480739 0.210184 0.003925 0.003406
1 0.524614 0.210109 0.003925 0.003407
1 0.568811 0.210184 0.003925 0.003406
15 0.220777 0.214745 0.003767 0.005205
6 0.222111 0.220982 0.006433 0.005439
3 0.229613 0.214006 0.002441 0.007604
4 0.216362 0.216750 0.003329 0.004620
4 0.261192 0.216716 0.003329 0.004621
4 0.304969 0.216818 0.003328 0.004621
4 0.361815 0.216750 0.003328 0.004620
4 0.405903 0.216716 0.003328 0.004621
4 0.449967 0.216784 0.003328 0.004621
4 0.480771 0.216784 0.003329 0.004621
4 0.524668 0.216784 0.003328 0.004621
4 0.568756 0.216750 0.003328 0.004620
15 0.265645 0.214676 0.003767 0.005205
15 0.309344 0.214763 0.003767 0.005205
15 0.353013 0.214785 0.003767 0.005206
15 0.397068 0.213234 0.003767 0.005206
15 0.441185 0.219220 0.003767 0.005205
15 0.485177 0.219220 0.003767 0.005205
15 0.529109 0.214741 0.003767 0.005206
15 0.573241 0.219220 0.003767 0.005205
6 0.266949 0.221036 0.006433 0.005440
6 0.310648 0.221036 0.006433 0.005440
6 0.530318 0.221017 0.006434 0.005440
3 0.274469 0.214016 0.002441 0.007604
3 0.318215 0.214038 0.002442 0.007605
3 0.493966 0.214035 0.002441 0.007604
3 0.537935 0.214069 0.002441 0.007604
14 0.177193 0.507831 0.003974 0.005753
14 0.177166 0.523961 0.003973 0.005754
14 0.221336 0.507791 0.003974 0.005753
14 0.221309 0.523883 0.003973 0.005754
14 0.265425 0.507752 0.003973 0.005754
14 0.265397 0.523961 0.003974 0.005754
14 0.309595 0.507831 0.003974 0.005753
14 0.309568 0.523922 0.003973 0.005753
14 0.352742 0.507752 0.003974 0.005753
14 0.352770 0.523883 0.003973 0.005754
14 0.396940 0.507869 0.003974 0.005753
14 0.396913 0.523804 0.003974 0.005753
14 0.440696 0.507869 0.003974 0.005753
14 0.440669 0.523804 0.003973 0.005753
14 0.484784 0.507791 0.003974 0.005753
14 0.484812 0.523922 0.003973 0.005753
13 0.176556 0.515527 0.003317 0.006432
13 0.220673 0.515484 0.003316 0.006432
13 0.264820 0.515571 0.003316 0.006432
13 0.308921 0.515592 0.003316 0.006432
13 0.352173 0.515396 0.003317 0.006432
13 0.396243 0.515527 0.003316 0.006432
13 0.440004 0.515527 0.003317 0.006432
13 0.484198 0.515549 0.003316 0.006432
7 0.178410 0.542789 0.020929 0.021886
8 0.222600 0.543347 0.020464 0.015200
11 0.354237 0.543244 0.021081 0.028670
11 0.398022 0.543663 0.021081 0.028671
12 0.441943 0.542777 0.020731 0.033205
12 0.486075 0.542658 0.020730 0.033205
1 0.172758 0.561998 0.003925 0.003407
0 0.167961 0.565475 0.003101 0.005060
4 0.172779 0.568493 0.003329 0.004621
4 0.216917 0.568478 0.003328 0.004621
4 0.261003 0.568521 0.003329 0.004621
4 0.305151 0.568478 0.003328 0.004621
4 0.348387 0.568499 0.003328 0.004621
4 0.405762 0.568521 0.003328 0.004621
4 0.480428 0.569810 0.003329 0.004620
0 0.212146 0.565435 0.003101 0.005061
0 0.256168 0.565419 0.003102 0.005061
0 0.300315 0.565463 0.003101 0.005060
0 0.343582 0.565419 0.003101 0.005061
0 0.387714 0.565419 0.003101 0.005061
0 0.431444 0.566729 0.003101 0.005060
0 0.475530 0.566642 0.003102 0.005060
3 0.186005 0.565802 0.002441 0.007604
3 0.230122 0.565828 0.002441 0.007604
3 0.274248 0.565809 0.002441 0.007604
3 0.318360 0.565809 0.002441 0.007604
3 0.361598 0.565847 0.002441 0.007604
3 0.449482 0.567093 0.002441 0.007604
3 0.493594 0.567074 0.002442 0.007605
1 0.216938 0.561904 0.003925 0.003407
1 0.260996 0.561936 0.003925 0.003407
1 0.305101 0.561985 0.003925 0.003407
1 0.348374 0.561936 0.003925 0.003407
1 0.405707 0.561969 0.003925 0.003407
1 0.480407 0.563137 0.003925 0.003406
9 0.266676 0.542604 0.020465 0.021227
10 0.310868 0.543390 0.020465 0.015043
9 0.266842 0.191261 0.020332 0.021225
10 0.310638 0.192025 0.020418 0.014979
10 0.354349 0.191992 0.020418 0.014979
23 0.355479 0.187493 0.028137 0.078470
23 0.268756 0.539079 0.030803 0.078969
23 0.312940 0.539174 0.030803 0.078969
23 0.356261 0.539267 0.030803 0.078969
23 0.400312 0.539455 0.030803 0.078969
24 0.193924 0.524468 0.003710 0.005076
24 0.238032 0.524483 0.003710 0.005075
24 0.282175 0.524523 0.003710 0.005075
24 0.326262 0.524562 0.003710 0.005076
24 0.369492 0.524562 0.003710 0.005076
24 0.413635 0.524523 0.003710 0.005075
24 0.457391 0.524562 0.003710 0.005076
24 0.501562 0.524562 0.003710 0.005076
3 0.582067 0.214035 0.002253 0.007382
14 0.175925 0.172161 0.003830 0.005333
7 0.177280 0.191215 0.020581 0.021886
2 0.184778 0.222227 0.003708 0.002275
14 0.175948 0.155948 0.003971 0.005333
23 0.177948 0.188170 0.028137 0.078470
23 0.223270 0.187685 0.028136 0.078470
23 0.267745 0.187493 0.028137 0.078470
23 0.311506 0.187493 0.028136 0.078470
23 0.399298 0.187710 0.028137 0.078470
23 0.443502 0.187384 0.028137 0.078470
23 0.487398 0.187493 0.028137 0.078470
23 0.531525 0.187602 0.028137 0.078470
23 0.575498 0.187275 0.028137 0.078470
23 0.180731 0.538690 0.030803 0.078969
23 0.224638 0.539267 0.030803 0.078969
23 0.444164 0.539362 0.030803 0.078969
23 0.488215 0.539643 0.030803 0.078969
2 0.167131 0.222236 0.003708 0.002275
2 0.171511 0.222211 0.003708 0.002275
2 0.211935 0.222211 0.003708 0.002275
2 0.216351 0.222287 0.003708 0.002275
2 0.256811 0.222236 0.003708 0.002275
2 0.261227 0.222211 0.003708 0.002275
2 0.274458 0.222236 0.003708 0.002275
2 0.300543 0.222211 0.003708 0.002275
2 0.304959 0.222211 0.003708 0.002275
2 0.318190 0.222236 0.003708 0.002275
2 0.344241 0.222221 0.003708 0.002275
2 0.361870 0.222221 0.003708 0.002275
2 0.388188 0.222221 0.003708 0.002275
2 0.405834 0.222221 0.003708 0.002275
2 0.432348 0.222221 0.003708 0.002275
2 0.449959 0.222221 0.003708 0.002275
2 0.476313 0.222246 0.003708 0.002275
2 0.480747 0.222246 0.003708 0.002275
2 0.493959 0.222246 0.003708 0.002275
2 0.520241 0.222221 0.003708 0.002275
2 0.524694 0.222221 0.003708 0.002275
2 0.537906 0.222221 0.003708 0.002275
2 0.564387 0.222234 0.003708 0.002275
2 0.568786 0.222259 0.003708 0.002275
2 0.582051 0.222208 0.003708 0.002275
2 0.168386 0.573996 0.003752 0.002275
2 0.172770 0.574033 0.003753 0.002275
2 0.186005 0.574033 0.003753 0.002275
2 0.212476 0.574017 0.003752 0.002275
2 0.216895 0.574017 0.003752 0.002275
2 0.230154 0.574060 0.003752 0.002275
2 0.256631 0.574016 0.003753 0.002275
2 0.261035 0.573993 0.003752 0.002275
2 0.274293 0.573971 0.003753 0.002275
2 0.300712 0.574033 0.003753 0.002275
2 0.305162 0.574011 0.003752 0.002275
2 0.318374 0.574011 0.003752 0.002275
2 0.343956 0.574018 0.003752 0.002275
2 0.348376 0.574040 0.003752 0.002275
2 0.361634 0.574040 0.003752 0.002275
2 0.388089 0.574040 0.003752 0.002275
2 0.405720 0.574018 0.003752 0.002275
2 0.431865 0.574018 0.003752 0.002275
2 0.449527 0.575301 0.003752 0.002275
2 0.475970 0.575275 0.003753 0.002275
2 0.480422 0.575326 0.003753 0.002275
2 0.493599 0.575303 0.003753 0.002178
13 0.175304 0.163685 0.003348 0.006079
2 0.229566 0.222236 0.003775 0.002275
