14 0.171505 0.131255 0.004021 0.005752
14 0.171581 0.147074 0.004022 0.005753
13 0.171026 0.137874 0.003411 0.006657
14 0.218962 0.131311 0.004022 0.005753
14 0.218962 0.147018 0.004022 0.005753
13 0.218276 0.137982 0.003411 0.006656
11 0.172892 0.163874 0.021620 0.029351
11 0.220249 0.163937 0.021619 0.029352
3 0.162026 0.186884 0.002593 0.008139
1 0.166791 0.182650 0.003790 0.003059
4 0.166764 0.189740 0.003379 0.004803
2 0.161990 0.195706 0.003880 0.002274
2 0.166791 0.195704 0.003880 0.002274
14 0.181098 0.182574 0.004021 0.005753
5 0.181071 0.189584 0.002516 0.007898
3 0.209417 0.186889 0.002593 0.008139
5 0.228475 0.190863 0.002516 0.007898
1 0.214159 0.182611 0.003790 0.003059
2 0.209383 0.195665 0.003879 0.002275
2 0.214197 0.195650 0.003879 0.002274
4 0.214180 0.189742 0.003379 0.004803
14 0.228456 0.182679 0.004021 0.005752
21 0.181064 0.200445 0.004141 0.010595
21 0.228472 0.201679 0.004141 0.010595
24 0.189604 0.151053 0.003878 0.005461
24 0.237021 0.151053 0.003878 0.005461
14 0.171200 0.512510 0.004021 0.005753
14 0.171176 0.530038 0.004021 0.005752
14 0.219548 0.512543 0.004021 0.005753
14 0.219572 0.529937 0.004021 0.005753
14 0.314235 0.512524 0.004021 0.005753
14 0.314302 0.530139 0.004021 0.005753
14 0.358799 0.512533 0.004021 0.005752
14 0.358819 0.530051 0.004021 0.005752
14 0.409263 0.520056 0.004021 0.005753
14 0.409263 0.537596 0.004021 0.005753
13 0.170503 0.520972 0.003410 0.006656
13 0.218790 0.520972 0.003411 0.006656
13 0.313571 0.520927 0.003410 0.006657
13 0.358110 0.521017 0.003411 0.006657
13 0.408544 0.528492 0.003410 0.006657
7 0.172498 0.552072 0.021791 0.022438
11 0.220905 0.551042 0.021834 0.028987
10 0.315628 0.548145 0.021709 0.015667
8 0.360167 0.541136 0.021712 0.015739
8 0.410669 0.548562 0.021712 0.015739
1 0.161660 0.571072 0.003790 0.003059
4 0.161674 0.578144 0.003379 0.004802
2 0.161588 0.584089 0.003879 0.002275
15 0.171193 0.580815 0.003901 0.005346
2 0.180684 0.584132 0.003879 0.002274
3 0.180680 0.575290 0.002470 0.008078
1 0.210038 0.571071 0.003790 0.003059
4 0.210011 0.578119 0.003379 0.004803
2 0.210011 0.584109 0.003880 0.002274
2 0.229064 0.584148 0.003879 0.002275
15 0.219565 0.580820 0.003902 0.005346
3 0.229069 0.575236 0.002470 0.008078
3 0.304775 0.566670 0.002470 0.008078
3 0.349310 0.558239 0.002470 0.008077
1 0.309525 0.562445 0.003790 0.003059
4 0.309495 0.569578 0.003379 0.004803
2 0.304742 0.575482 0.003879 0.002275
2 0.309553 0.575482 0.003879 0.002275
15 0.314258 0.582425 0.003901 0.005346
5 0.323798 0.564763 0.002441 0.007955
21 0.323798 0.579473 0.005130 0.013043
1 0.354056 0.554037 0.003790 0.003059
4 0.354084 0.561085 0.003379 0.004803
2 0.349307 0.567113 0.003879 0.002274
2 0.354082 0.567026 0.003879 0.002274
5 0.368361 0.556337 0.002441 0.007955
15 0.358821 0.582445 0.003901 0.005346
2 0.374314 0.584741 0.003879 0.002274
19 0.368369 0.571138 0.005098 0.013197
16 0.374341 0.575215 0.005171 0.008290
3 0.399770 0.566658 0.002470 0.008078
1 0.404494 0.562413 0.003790 0.003059
5 0.418805 0.564829 0.002441 0.007954
2 0.399792 0.575469 0.003879 0.002275
2 0.404508 0.575469 0.003880 0.002275
15 0.409251 0.582363 0.003902 0.005346
21 0.418880 0.579487 0.005130 0.013043
1 0.399704 0.514792 0.003790 0.003059
4 0.399778 0.521851 0.003379 0.004802
2 0.399772 0.527743 0.003879 0.002275
4 0.404523 0.569548 0.003379 0.004802
23 0.175598 0.166981 0.032025 0.082944
23 0.223104 0.167023 0.032025 0.082943
23 0.173763 0.546860 0.029107 0.083160
23 0.222194 0.546642 0.029107 0.083160
23 0.316828 0.546751 0.029107 0.083159
23 0.364606 0.546643 0.034717 0.082944
23 0.410846 0.546644 0.031639 0.083164
