23 0.542944 0.652081 0.022182 0.076307
3 0.385328 0.666711 0.002315 0.006776
3 0.422580 0.672379 0.002314 0.006776
4 0.426311 0.674619 0.003068 0.004074
15 0.467339 0.670796 0.003485 0.004577
15 0.500720 0.663810 0.003111 0.004577
15 0.538111 0.678048 0.003111 0.004577
14 0.168682 0.323806 0.003255 0.004480
14 0.168715 0.337510 0.003219 0.004581
4 0.276884 0.658945 0.002910 0.004185
1 0.276921 0.653433 0.003260 0.003044
3 0.273147 0.656750 0.002278 0.006747
23 0.283361 0.648604 0.026251 0.067562
14 0.317921 0.621170 0.003429 0.004827
13 0.317494 0.627736 0.003006 0.005824
14 0.317884 0.634838 0.003400 0.004601
7 0.319002 0.646053 0.017354 0.018092
5 0.325404 0.660016 0.002351 0.006869
21 0.325382 0.671481 0.004577 0.011077
15 0.317910 0.670685 0.003347 0.005063
2 0.314216 0.668392 0.003311 0.002295
1 0.314232 0.658274 0.003252 0.003118
3 0.310534 0.661493 0.002313 0.006703
2 0.310491 0.668324 0.003337 0.002224
4 0.314262 0.663725 0.003292 0.004425
23 0.318857 0.647777 0.022098 0.067875
14 0.355460 0.621316 0.003573 0.005029
13 0.354997 0.627762 0.002883 0.005882
14 0.355492 0.634879 0.003409 0.004947
8 0.356553 0.646847 0.017367 0.012946
5 0.362883 0.660628 0.002422 0.007097
21 0.362963 0.672182 0.004443 0.011105
6 0.356617 0.676759 0.006022 0.005343
15 0.355454 0.670748 0.003456 0.005100
2 0.351719 0.668960 0.003366 0.002458
2 0.348027 0.668969 0.003381 0.002560
4 0.351716 0.664392 0.003279 0.004329
1 0.351758 0.658859 0.003379 0.003203
23 0.355970 0.647632 0.020688 0.067557
14 0.392764 0.621304 0.003374 0.004727
13 0.392242 0.627727 0.002777 0.005831
14 0.392810 0.634808 0.003409 0.004673
11 0.393793 0.648722 0.017314 0.023300
5 0.400184 0.665161 0.002331 0.007105
22 0.400257 0.675131 0.004416 0.010709
6 0.393801 0.676785 0.005686 0.005058
15 0.392744 0.670753 0.003272 0.004714
4 0.388981 0.668884 0.003167 0.004276
2 0.389007 0.673600 0.003224 0.002302
2 0.385302 0.673613 0.003326 0.002271
1 0.389069 0.663399 0.003443 0.003011
23 0.393755 0.647946 0.021656 0.067875
14 0.430032 0.621147 0.003347 0.004775
13 0.429475 0.627676 0.002685 0.005678
14 0.430040 0.634760 0.003409 0.004841
12 0.431126 0.651380 0.017838 0.028596
5 0.437480 0.670854 0.002368 0.006729
21 0.437489 0.680814 0.004655 0.011132
15 0.429997 0.676526 0.003591 0.005089
2 0.426311 0.679262 0.003464 0.002366
2 0.422562 0.679160 0.003400 0.002353
1 0.426337 0.669009 0.003282 0.002915
23 0.430711 0.650446 0.022419 0.074094
14 0.467279 0.621254 0.003688 0.005030
13 0.466860 0.627740 0.002960 0.005850
14 0.467339 0.634617 0.004130 0.005265
7 0.468383 0.646154 0.017251 0.017830
5 0.474856 0.660004 0.002312 0.006842
20 0.474822 0.673194 0.007502 0.014943
16 0.481756 0.674650 0.004196 0.006735
2 0.481839 0.682079 0.003304 0.002327
6 0.468432 0.676686 0.005532 0.004693
2 0.463647 0.668297 0.003364 0.002465
2 0.459982 0.668293 0.003388 0.002496
4 0.463588 0.663725 0.003068 0.004074
1 0.463636 0.658232 0.003384 0.003131
3 0.459878 0.661359 0.002315 0.006883
23 0.470818 0.650037 0.026756 0.072645
14 0.504419 0.621233 0.003624 0.004798
13 0.503996 0.627670 0.002815 0.005997
14 0.504477 0.634696 0.003614 0.004920
7 0.505554 0.646106 0.017275 0.017804
5 0.511925 0.659929 0.002322 0.006964
1 0.500704 0.658177 0.003335 0.003150
3 0.496957 0.661450 0.002436 0.006803
2 0.497002 0.668318 0.003338 0.002150
2 0.500762 0.668387 0.003248 0.002174
15 0.504410 0.670654 0.003540 0.004897
22 0.511936 0.671573 0.004646 0.010931
23 0.504993 0.647933 0.022245 0.067667
14 0.541731 0.619912 0.003402 0.004702
13 0.541220 0.626590 0.002912 0.006123
14 0.541715 0.633358 0.003717 0.005456
25 0.542530 0.652679 0.018239 0.033518
5 0.549197 0.674319 0.002295 0.006727
22 0.549215 0.684003 0.004182 0.010616
6 0.542944 0.684951 0.005650 0.004759
15 0.541789 0.679609 0.003568 0.004800
2 0.538092 0.682577 0.003318 0.002368
2 0.534287 0.682579 0.003491 0.002226
3 0.534288 0.675733 0.002315 0.006776
1 0.538060 0.672439 0.003438 0.003033
3 0.348031 0.662094 0.002220 0.006776
13 0.168164 0.330348 0.002639 0.005171
7 0.169735 0.352088 0.017274 0.017909
1 0.161260 0.366040 0.003054 0.002560
4 0.161234 0.371627 0.002860 0.004063
15 0.168704 0.374111 0.003226 0.004419
2 0.161263 0.376224 0.003305 0.001940
3 0.176173 0.369372 0.002156 0.006562
2 0.176209 0.376249 0.003190 0.001869
23 0.169074 0.350401 0.019199 0.065492
14 0.206280 0.323781 0.003262 0.004510
13 0.205741 0.330298 0.002673 0.005049
14 0.206247 0.337449 0.003296 0.004561
11 0.207365 0.351382 0.017231 0.023039
1 0.198832 0.366020 0.003039 0.002722
4 0.198796 0.371648 0.002896 0.004124
2 0.198868 0.376244 0.003213 0.001940
23 0.206632 0.350305 0.019228 0.065036
15 0.206255 0.374213 0.003356 0.004724
2 0.213695 0.376249 0.003406 0.001889
3 0.213745 0.369362 0.002128 0.006623
14 0.243285 0.323745 0.003212 0.004622
13 0.242815 0.330150 0.002695 0.005111
14 0.243313 0.337478 0.003345 0.004556
8 0.244345 0.352723 0.017339 0.012607
1 0.235884 0.366089 0.003126 0.002759
4 0.235865 0.371620 0.002874 0.003997
2 0.235838 0.376239 0.003268 0.001830
23 0.243562 0.350306 0.019609 0.064854
15 0.243354 0.374157 0.003561 0.004683
2 0.250791 0.376293 0.003306 0.001860
3 0.250775 0.369337 0.002227 0.006826
14 0.280549 0.323814 0.003463 0.004444
13 0.280216 0.330333 0.003190 0.005811
14 0.280691 0.337505 0.003440 0.004737
9 0.281597 0.351868 0.017475 0.018174
1 0.273064 0.366065 0.003392 0.002953
4 0.273171 0.371671 0.003011 0.004060
2 0.273249 0.376283 0.003348 0.002066
15 0.280576 0.374140 0.003358 0.004537
3 0.288097 0.369443 0.002192 0.006761
2 0.288073 0.376248 0.003384 0.001940
23 0.280840 0.350390 0.019681 0.065317
14 0.317155 0.323832 0.003417 0.004585
13 0.316804 0.330245 0.003003 0.005520
14 0.317170 0.337409 0.003545 0.005034
12 0.318166 0.354060 0.017295 0.028577
3 0.324659 0.374992 0.002266 0.006829
2 0.324696 0.381825 0.003401 0.002156
6 0.318225 0.379251 0.005549 0.004896
15 0.317295 0.373103 0.003588 0.004891
1 0.309766 0.371640 0.003346 0.003209
4 0.309745 0.377224 0.002960 0.004350
2 0.309766 0.381798 0.003360 0.002178
23 0.317264 0.350661 0.019807 0.065813
14 0.355348 0.324022 0.003732 0.004903
13 0.354855 0.330215 0.003284 0.005414
14 0.355327 0.337458 0.003617 0.004864
8 0.356400 0.352744 0.017979 0.012993
1 0.362861 0.366019 0.003272 0.003084
4 0.362739 0.371583 0.003154 0.004511
15 0.355269 0.372841 0.003444 0.004658
2 0.362819 0.376238 0.003444 0.002206
6 0.356397 0.379425 0.005975 0.005311
23 0.356408 0.351013 0.019063 0.066680
14 0.392825 0.324061 0.003537 0.005076
13 0.392502 0.330339 0.003157 0.005465
14 0.392878 0.337601 0.003364 0.004782
10 0.393803 0.352619 0.017806 0.013100
15 0.392880 0.372900 0.003206 0.004496
2 0.400395 0.376222 0.003524 0.002238
3 0.400375 0.369396 0.002215 0.006885
2 0.385482 0.376217 0.003298 0.001933
4 0.385477 0.371727 0.003247 0.004501
1 0.385452 0.366100 0.003307 0.003155
23 0.393335 0.350694 0.019940 0.066632
14 0.429909 0.323905 0.003695 0.005107
13 0.429467 0.330217 0.002766 0.005465
14 0.429924 0.337431 0.004298 0.005564
11 0.431105 0.351392 0.017375 0.023039
3 0.437384 0.369378 0.002323 0.006814
2 0.437386 0.376231 0.003415 0.001993
15 0.429989 0.372856 0.003277 0.004514
6 0.431052 0.379201 0.005507 0.004772
2 0.422542 0.376229 0.003438 0.002075
4 0.422515 0.371517 0.002959 0.004237
1 0.422511 0.366099 0.003113 0.002851
23 0.430340 0.350307 0.020484 0.067230
14 0.466989 0.323859 0.003385 0.004590
13 0.466483 0.330304 0.003132 0.005735
14 0.466978 0.337576 0.003637 0.004975
7 0.467991 0.352061 0.017655 0.017970
3 0.474451 0.369301 0.002201 0.006753
2 0.474420 0.376249 0.003529 0.002115
6 0.468082 0.379261 0.005569 0.004947
15 0.466986 0.372898 0.003292 0.004474
2 0.459534 0.376295 0.003322 0.001952
4 0.459514 0.371584 0.003018 0.004217
1 0.459576 0.366053 0.003314 0.002688
23 0.467151 0.349931 0.020040 0.066145
14 0.504418 0.323872 0.003522 0.004751
13 0.503891 0.330375 0.003068 0.005762
14 0.504450 0.337530 0.003673 0.005138
8 0.505522 0.352963 0.017489 0.013406
3 0.511853 0.369370 0.002251 0.006724
2 0.511808 0.376250 0.003307 0.002075
15 0.504424 0.374177 0.003453 0.004678
6 0.505373 0.379240 0.005613 0.005161
2 0.496954 0.376300 0.003408 0.002178
4 0.496965 0.371685 0.002901 0.004158
1 0.496982 0.366115 0.003522 0.003319
23 0.504951 0.349930 0.021239 0.066597
14 0.541708 0.324529 0.003852 0.005320
13 0.541281 0.331121 0.003104 0.005578
14 0.541616 0.338257 0.003543 0.005087
1 0.549181 0.323306 0.003126 0.003005
4 0.549114 0.328818 0.003116 0.004249
2 0.549144 0.333474 0.003315 0.002692
7 0.542671 0.351814 0.017496 0.018751
3 0.549112 0.369297 0.002269 0.007091
2 0.549098 0.376196 0.003443 0.002411
15 0.541653 0.374119 0.003399 0.004627
2 0.534292 0.376293 0.003392 0.002380
4 0.534237 0.371698 0.003137 0.004442
1 0.534265 0.366033 0.003177 0.002893
23 0.542041 0.350157 0.019724 0.065714
14 0.578911 0.324606 0.003830 0.005533
13 0.578513 0.330884 0.002738 0.005588
14 0.578909 0.338228 0.003693 0.004823
2 0.586396 0.333482 0.003560 0.002692
4 0.586572 0.328880 0.003000 0.004239
1 0.586478 0.323150 0.003435 0.003047
11 0.580229 0.351376 0.017626 0.023029
3 0.586494 0.369291 0.002393 0.007161
2 0.586505 0.376277 0.003392 0.002157
15 0.579075 0.374135 0.003450 0.004800
4 0.571522 0.371662 0.002986 0.004482
2 0.571525 0.376201 0.003435 0.002014
1 0.571628 0.366025 0.003442 0.003349
23 0.579704 0.350335 0.020343 0.066132
14 0.168618 0.621054 0.003284 0.004531
13 0.168084 0.627503 0.002730 0.005652
14 0.168609 0.634711 0.003517 0.004906
10 0.169732 0.644355 0.017282 0.012983
5 0.176112 0.658809 0.002478 0.007075
22 0.176058 0.670351 0.004686 0.011046
15 0.168584 0.670750 0.003393 0.005163
2 0.164853 0.667162 0.003292 0.002061
2 0.161101 0.667116 0.003394 0.002230
4 0.164869 0.662593 0.003001 0.004277
3 0.161127 0.660357 0.002250 0.006654
1 0.164977 0.657013 0.003340 0.002992
23 0.169029 0.647156 0.022820 0.071351
14 0.205970 0.621337 0.003524 0.005225
13 0.205592 0.627551 0.003006 0.006280
14 0.206062 0.634865 0.003546 0.004764
8 0.207150 0.643563 0.017468 0.012542
5 0.213566 0.654745 0.002323 0.006610
19 0.213564 0.666237 0.004328 0.010677
16 0.218161 0.669451 0.004218 0.006832
2 0.218099 0.676850 0.003471 0.002254
15 0.206007 0.670702 0.003392 0.005492
2 0.202395 0.663108 0.003564 0.002420
4 0.202290 0.658397 0.002925 0.004102
1 0.202271 0.652903 0.003304 0.003014
3 0.198534 0.656160 0.002223 0.006532
2 0.198540 0.663034 0.003359 0.002253
23 0.208448 0.647013 0.024764 0.067264
14 0.243282 0.621178 0.003358 0.004757
13 0.242878 0.627841 0.002690 0.005923
14 0.243404 0.634790 0.003588 0.004723
8 0.244580 0.647695 0.017470 0.013254
5 0.250758 0.662253 0.002696 0.007526
22 0.250811 0.673710 0.004442 0.010760
6 0.244443 0.676536 0.005684 0.004822
15 0.243288 0.670635 0.003435 0.005228
2 0.239586 0.670550 0.003520 0.002291
2 0.235830 0.670494 0.003358 0.002159
4 0.239713 0.665768 0.003111 0.004402
1 0.239604 0.660444 0.003389 0.003280
3 0.235924 0.663678 0.002149 0.006669
23 0.243801 0.647398 0.020668 0.066337
14 0.280562 0.621200 0.003667 0.004747
13 0.279990 0.627489 0.002937 0.005726
14 0.280568 0.634920 0.003422 0.004754
8 0.281687 0.643984 0.017196 0.012641
5 0.288104 0.655216 0.002207 0.006698
17 0.288059 0.666462 0.007456 0.010291
16 0.293668 0.672124 0.003827 0.006237
2 0.293606 0.678780 0.003275 0.002222
6 0.281708 0.676629 0.005544 0.004653
15 0.280647 0.670669 0.003376 0.004973
2 0.276902 0.663617 0.003398 0.002308
2 0.273084 0.663585 0.003352 0.002399
