16 0.146973 0.189453 0.038086 0.023438
16 0.146973 0.213379 0.038086 0.022461
16 0.188477 0.188965 0.037109 0.024414
16 0.188965 0.213867 0.038086 0.023438
16 0.230469 0.188965 0.037109 0.024414
16 0.230469 0.212402 0.037109 0.024414
16 0.391113 0.177734 0.038086 0.023438
16 0.390625 0.200684 0.039062 0.024414
16 0.390625 0.225098 0.039062 0.024414
16 0.433105 0.177246 0.038086 0.024414
16 0.433105 0.202148 0.038086 0.023438
16 0.433105 0.225098 0.038086 0.024414
16 0.474609 0.177246 0.037109 0.024414
16 0.475098 0.202148 0.038086 0.023438
16 0.475098 0.224609 0.038086 0.023438
19 0.136719 0.325684 0.021484 0.051758
19 0.379395 0.324707 0.018555 0.049805
17 0.093750 0.370605 0.015625 0.012695
17 0.135254 0.370605 0.014648 0.012695
17 0.229492 0.370605 0.015625 0.010742
17 0.338379 0.374023 0.016602 0.011719
17 0.379395 0.370605 0.014648 0.012695
17 0.473633 0.371094 0.015625 0.011719
20 0.231445 0.323242 0.017578 0.044922
20 0.475098 0.325684 0.016602 0.047852
16 0.634277 0.187500 0.038086 0.025391
16 0.634766 0.213379 0.039062 0.024414
16 0.675781 0.187988 0.037109 0.026367
16 0.675781 0.212402 0.037109 0.024414
16 0.718262 0.188965 0.038086 0.024414
16 0.718750 0.212402 0.037109 0.024414
16 0.878418 0.201660 0.038086 0.024414
16 0.878418 0.225098 0.038086 0.022461
16 0.920410 0.201660 0.038086 0.024414
16 0.920410 0.224609 0.038086 0.023438
16 0.962402 0.201660 0.038086 0.024414
16 0.961426 0.224609 0.038086 0.023438
19 0.624023 0.326172 0.019531 0.050781
19 0.868164 0.326172 0.021484 0.048828
20 0.963379 0.324219 0.016602 0.042969
16 0.920410 0.368164 0.038086 0.025391
16 0.676758 0.367676 0.037109 0.026367
16 0.433594 0.367188 0.039062 0.025391
16 0.188477 0.368164 0.039062 0.023438
20 0.719238 0.322266 0.014648 0.046875
17 0.582520 0.371094 0.016602 0.011719
17 0.623535 0.371582 0.016602 0.010742
17 0.717285 0.371094 0.016602 0.011719
17 0.826660 0.371094 0.016602 0.011719
17 0.867188 0.371094 0.017578 0.011719
17 0.960938 0.370605 0.015625 0.010742
