16 0.214844 0.178223 0.039062 0.024414
16 0.257324 0.178711 0.038086 0.025391
16 0.300293 0.177734 0.041992 0.023438
16 0.215332 0.201172 0.038086 0.021484
16 0.256348 0.202637 0.041992 0.024414
16 0.298340 0.200684 0.038086 0.024414
16 0.215332 0.226074 0.038086 0.024414
16 0.256348 0.225098 0.036133 0.024414
16 0.299805 0.225098 0.039062 0.024414
16 0.459473 0.178711 0.038086 0.025391
16 0.458984 0.201660 0.037109 0.024414
16 0.459961 0.225098 0.039062 0.024414
16 0.501465 0.178711 0.038086 0.023438
16 0.500977 0.202148 0.039062 0.023438
16 0.500000 0.226074 0.037109 0.024414
16 0.542969 0.178711 0.037109 0.025391
16 0.541504 0.200684 0.038086 0.022461
16 0.543457 0.225586 0.038086 0.023438
16 0.700684 0.189941 0.036133 0.026367
16 0.704102 0.213379 0.039062 0.022461
16 0.744629 0.189941 0.038086 0.026367
16 0.744629 0.213379 0.036133 0.024414
16 0.785645 0.188965 0.038086 0.024414
16 0.785645 0.213379 0.040039 0.022461
16 0.943848 0.188965 0.038086 0.024414
16 0.945801 0.214844 0.040039 0.023438
16 0.984375 0.188965 0.031250 0.024414
16 0.985352 0.213379 0.029297 0.026367
17 0.053711 0.371094 0.015625 0.011719
17 0.162598 0.369141 0.016602 0.011719
17 0.204102 0.371094 0.015625 0.011719
17 0.298340 0.371094 0.016602 0.011719
17 0.407227 0.370605 0.019531 0.010742
17 0.447754 0.370605 0.016602 0.010742
17 0.542480 0.371094 0.016602 0.009766
17 0.650391 0.369141 0.019531 0.011719
17 0.692383 0.371094 0.017578 0.011719
17 0.786133 0.369141 0.019531 0.013672
17 0.894531 0.370117 0.015625 0.011719
17 0.935547 0.370605 0.015625 0.012695
16 0.016113 0.201172 0.030273 0.025391
16 0.054688 0.201660 0.039062 0.024414
16 0.054688 0.224609 0.039062 0.023438
16 0.016602 0.224609 0.031250 0.025391
16 0.016113 0.366699 0.030273 0.024414
16 0.258301 0.367188 0.038086 0.025391
16 0.500977 0.367188 0.037109 0.025391
16 0.744629 0.367676 0.038086 0.026367
16 0.984863 0.366211 0.030273 0.025391
19 0.203613 0.326172 0.018555 0.046875
19 0.448242 0.326660 0.017578 0.047852
19 0.691406 0.326172 0.019531 0.046875
19 0.936523 0.325684 0.019531 0.047852
20 0.055664 0.326172 0.017578 0.039062
20 0.298828 0.326660 0.019531 0.041992
20 0.543457 0.326172 0.020508 0.042969
20 0.787109 0.324219 0.015625 0.041016
