16 0.051758 0.980469 0.037109 0.023438
16 0.211426 0.980469 0.038086 0.023438
16 0.252930 0.980469 0.037109 0.023438
16 0.296387 0.980469 0.038086 0.023438
16 0.456543 0.980469 0.038086 0.023438
16 0.496094 0.980469 0.037109 0.023438
16 0.539551 0.980469 0.038086 0.023438
16 0.015137 0.980469 0.028320 0.023438
16 0.699707 0.981934 0.038086 0.024414
16 0.741699 0.980957 0.036133 0.024414
16 0.783691 0.980957 0.038086 0.024414
29 0.249023 0.917480 0.029297 0.030273
29 0.492188 0.919922 0.029297 0.029297
29 0.737305 0.920410 0.029297 0.028320
28 0.242676 0.850586 0.032227 0.058594
28 0.485840 0.851074 0.030273 0.063477
28 0.731934 0.852051 0.030273 0.057617
