16 0.144043 0.989258 0.038086 0.019531
16 0.187012 0.990723 0.038086 0.018555
16 0.229004 0.989258 0.038086 0.019531
16 0.388184 0.990723 0.038086 0.018555
16 0.430176 0.990723 0.038086 0.018555
16 0.472168 0.989258 0.038086 0.019531
16 0.631348 0.990723 0.038086 0.018555
16 0.674805 0.990723 0.039062 0.018555
16 0.716309 0.989258 0.038086 0.019531
16 0.874512 0.980469 0.038086 0.023438
16 0.916504 0.980469 0.036133 0.023438
16 0.959473 0.981934 0.036133 0.026367
29 0.181641 0.919434 0.031250 0.026367
29 0.423340 0.919434 0.030273 0.026367
29 0.667969 0.921387 0.031250 0.026367
29 0.911133 0.919434 0.029297 0.024414
28 0.178223 0.851074 0.034180 0.057617
28 0.420410 0.854492 0.034180 0.066406
28 0.664062 0.850586 0.035156 0.062500
28 0.907715 0.850586 0.034180 0.060547
