16 0.015137 0.182129 0.028320 0.024414
16 0.015137 0.204590 0.028320 0.022461
16 0.014648 0.228027 0.027344 0.024414
16 0.052246 0.180664 0.038086 0.023438
16 0.052246 0.205078 0.038086 0.023438
16 0.052246 0.228516 0.038086 0.023438
16 0.212402 0.180664 0.038086 0.023438
16 0.212402 0.204590 0.038086 0.024414
16 0.212402 0.228027 0.038086 0.024414
16 0.252930 0.180664 0.037109 0.023438
16 0.253906 0.205078 0.037109 0.023438
16 0.253906 0.228516 0.037109 0.023438
16 0.296387 0.181641 0.038086 0.023438
16 0.295898 0.204102 0.037109 0.023438
16 0.296387 0.228516 0.038086 0.023438
16 0.456543 0.181641 0.038086 0.023438
16 0.456543 0.205566 0.038086 0.022461
16 0.456543 0.228516 0.038086 0.023438
16 0.497559 0.181152 0.036133 0.024414
16 0.498535 0.205566 0.038086 0.022461
16 0.499023 0.229004 0.037109 0.024414
16 0.540527 0.181641 0.038086 0.025391
16 0.539551 0.205566 0.038086 0.024414
16 0.540039 0.229004 0.039062 0.024414
16 0.699707 0.181641 0.038086 0.023438
16 0.700195 0.205078 0.037109 0.023438
16 0.699707 0.229004 0.038086 0.024414
16 0.741211 0.181152 0.035156 0.024414
16 0.784668 0.181641 0.038086 0.023438
16 0.741699 0.205566 0.038086 0.022461
16 0.741699 0.229004 0.038086 0.024414
16 0.784180 0.204590 0.039062 0.024414
16 0.785156 0.229004 0.039062 0.024414
16 0.944824 0.193359 0.038086 0.023438
16 0.943359 0.216797 0.039062 0.023438
16 0.982422 0.193359 0.031250 0.025391
16 0.983398 0.217285 0.033203 0.024414
17 0.405273 0.374512 0.015625 0.012695
17 0.444336 0.374023 0.015625 0.013672
17 0.538574 0.374512 0.014648 0.012695
16 0.498047 0.370605 0.039062 0.024414
16 0.742188 0.371094 0.037109 0.023438
16 0.982422 0.370605 0.029297 0.024414
19 0.445801 0.329102 0.016602 0.046875
17 0.647949 0.374512 0.016602 0.010742
17 0.688477 0.374512 0.015625 0.012695
17 0.783203 0.374512 0.015625 0.012695
17 0.891602 0.375000 0.017578 0.011719
17 0.933594 0.374023 0.015625 0.011719
19 0.932129 0.329102 0.018555 0.048828
19 0.689941 0.329102 0.020508 0.048828
20 0.540039 0.326660 0.015625 0.040039
20 0.785156 0.328125 0.015625 0.042969
20 0.295898 0.327148 0.017578 0.044922
20 0.053223 0.324707 0.014648 0.045898
19 0.199707 0.329102 0.016602 0.046875
16 0.015625 0.369629 0.029297 0.028320
16 0.254395 0.371094 0.040039 0.023438
17 0.051270 0.374512 0.018555 0.012695
17 0.160645 0.374023 0.016602 0.013672
17 0.201660 0.374023 0.016602 0.011719
17 0.295410 0.374023 0.016602 0.013672
