16 0.143555 0.192871 0.037109 0.024414
16 0.144043 0.216309 0.038086 0.026367
16 0.185059 0.191895 0.036133 0.024414
16 0.185547 0.216797 0.035156 0.023438
16 0.227051 0.192871 0.038086 0.024414
16 0.228516 0.216797 0.037109 0.023438
16 0.386719 0.192383 0.039062 0.025391
16 0.387695 0.216309 0.039062 0.022461
16 0.430176 0.191895 0.040039 0.024414
16 0.430176 0.216797 0.038086 0.023438
16 0.470703 0.192383 0.039062 0.025391
16 0.471680 0.216309 0.039062 0.024414
17 0.090820 0.374512 0.013672 0.012695
17 0.132324 0.374512 0.014648 0.010742
17 0.225586 0.374512 0.013672 0.010742
17 0.335938 0.374512 0.017578 0.010742
17 0.376953 0.374512 0.015625 0.010742
17 0.470215 0.375000 0.016602 0.011719
19 0.133301 0.329590 0.020508 0.045898
19 0.376465 0.329102 0.018555 0.046875
20 0.228027 0.327148 0.014648 0.044922
20 0.472168 0.323730 0.014648 0.041992
16 0.185547 0.370117 0.037109 0.025391
16 0.428711 0.371094 0.037109 0.025391
16 0.631836 0.191895 0.039062 0.024414
16 0.631836 0.215820 0.037109 0.025391
16 0.675293 0.192871 0.040039 0.026367
16 0.674316 0.216309 0.038086 0.024414
16 0.715332 0.191895 0.038086 0.024414
16 0.716309 0.216309 0.036133 0.024414
16 0.875977 0.180664 0.037109 0.025391
16 0.916992 0.181641 0.039062 0.023438
16 0.959473 0.181641 0.040039 0.023438
16 0.876953 0.205566 0.037109 0.024414
16 0.876953 0.228516 0.039062 0.023438
16 0.916992 0.205078 0.039062 0.023438
16 0.917969 0.228516 0.039062 0.023438
16 0.959961 0.205566 0.039062 0.024414
16 0.959961 0.229492 0.037109 0.023438
17 0.580078 0.375000 0.017578 0.013672
17 0.619141 0.375000 0.017578 0.011719
16 0.673340 0.370605 0.038086 0.026367
19 0.620605 0.328613 0.020508 0.047852
20 0.715820 0.328613 0.017578 0.043945
20 0.959473 0.329102 0.016602 0.044922
17 0.714844 0.374512 0.017578 0.012695
17 0.823242 0.374023 0.015625 0.015625
17 0.864258 0.373047 0.013672 0.013672
17 0.958008 0.373047 0.013672 0.013672
16 0.917480 0.370605 0.038086 0.026367
19 0.864746 0.329102 0.018555 0.046875
