16 0.126953 0.193848 0.037109 0.022461
16 0.169434 0.193359 0.038086 0.023438
16 0.210938 0.193359 0.037109 0.023438
16 0.126953 0.216309 0.037109 0.022461
16 0.169434 0.216797 0.038086 0.023438
16 0.210938 0.216309 0.037109 0.024414
16 0.370117 0.182617 0.039062 0.023438
16 0.370117 0.206055 0.039062 0.023438
16 0.370605 0.229492 0.038086 0.023438
16 0.414062 0.182129 0.039062 0.024414
16 0.413574 0.205566 0.038086 0.022461
16 0.414062 0.229004 0.037109 0.024414
16 0.455566 0.182129 0.038086 0.024414
16 0.454590 0.205566 0.038086 0.024414
16 0.455566 0.229004 0.038086 0.022461
17 0.074707 0.374512 0.016602 0.010742
17 0.115723 0.375000 0.016602 0.011719
17 0.209473 0.374512 0.018555 0.012695
16 0.168457 0.371094 0.038086 0.025391
19 0.116211 0.330566 0.019531 0.047852
19 0.360352 0.330078 0.019531 0.044922
20 0.211426 0.323730 0.014648 0.041992
20 0.455078 0.327637 0.015625 0.043945
17 0.319336 0.375000 0.017578 0.011719
17 0.359863 0.374512 0.016602 0.012695
17 0.453125 0.374512 0.017578 0.012695
16 0.413086 0.371582 0.037109 0.024414
