16 0.079102 0.201172 0.039062 0.025391
16 0.079590 0.225098 0.038086 0.022461
16 0.119629 0.201172 0.038086 0.023438
16 0.119629 0.225098 0.038086 0.024414
16 0.162598 0.201172 0.038086 0.023438
16 0.162598 0.225098 0.038086 0.024414
17 0.025879 0.371094 0.014648 0.009766
17 0.067383 0.371094 0.017578 0.009766
17 0.161133 0.371094 0.017578 0.009766
19 0.067383 0.326172 0.017578 0.046875
16 0.121094 0.367676 0.037109 0.024414
20 0.163086 0.319336 0.013672 0.039062
29 0.114746 0.116211 0.030273 0.027344
28 0.108887 0.045898 0.034180 0.062500
25 0.026367 0.329102 0.019531 0.017578
26 0.027832 0.298340 0.020508 0.010742
24 0.100098 0.197754 0.176758 0.375977
