17 0.115234 0.390625 0.013672 0.011719
17 0.480469 0.081055 0.015625 0.011719
17 0.455078 0.369629 0.015625 0.010742
17 0.518066 0.369629 0.016602 0.010742
17 0.554688 0.370117 0.015625 0.009766
17 0.645020 0.369629 0.016602 0.010742
17 0.716309 0.374512 0.016602 0.010742
17 0.756836 0.374023 0.015625 0.009766
19 0.518066 0.316406 0.010742 0.031250
19 0.601562 0.271484 0.013672 0.035156
16 0.558594 0.338867 0.023438 0.011719
23 0.602051 0.334961 0.047852 0.042969
16 0.769043 0.181641 0.038086 0.023438
16 0.768555 0.205078 0.037109 0.023438
16 0.769043 0.229004 0.036133 0.024414
16 0.811035 0.181641 0.038086 0.023438
16 0.811035 0.205078 0.038086 0.023438
16 0.811035 0.229004 0.038086 0.024414
16 0.852051 0.182617 0.038086 0.023438
16 0.853027 0.206055 0.038086 0.023438
16 0.853027 0.229492 0.038086 0.023438
16 0.810547 0.370605 0.037109 0.024414
17 0.851074 0.374512 0.014648 0.010742
19 0.757324 0.330078 0.016602 0.046875
20 0.853516 0.325195 0.013672 0.041016
17 0.959961 0.374512 0.013672 0.010742
