15 0.583008 0.132324 0.076172 0.079102
17 0.529785 0.202637 0.012695 0.012695
17 0.688965 0.058105 0.016602 0.010742
19 0.567383 0.056152 0.015625 0.034180
16 0.592773 0.198730 0.037109 0.024414
16 0.592285 0.222168 0.038086 0.022461
16 0.592285 0.245605 0.038086 0.024414
16 0.591797 0.269531 0.037109 0.023438
16 0.592285 0.292969 0.038086 0.023438
16 0.633789 0.198730 0.037109 0.024414
16 0.634277 0.222656 0.036133 0.023438
16 0.634277 0.245605 0.038086 0.022461
16 0.633789 0.269043 0.037109 0.024414
16 0.634277 0.292969 0.038086 0.023438
16 0.676758 0.199219 0.037109 0.023438
16 0.676758 0.222656 0.037109 0.023438
16 0.676758 0.246094 0.037109 0.023438
16 0.676758 0.269043 0.037109 0.022461
16 0.676758 0.293457 0.037109 0.024414
17 0.915039 0.390137 0.015625 0.012695
