14 0.218962 0.147018 0.004022 0.005753
3 0.209417 0.186889 0.002593 0.008139
1 0.214159 0.182611 0.003790 0.003059
14 0.228456 0.182679 0.004021 0.005752
14 0.171200 0.512510 0.004021 0.005753
14 0.171176 0.530038 0.004021 0.005752
14 0.219548 0.512543 0.004021 0.005753
14 0.219572 0.529937 0.004021 0.005753
14 0.314235 0.512524 0.004021 0.005753
14 0.358799 0.512533 0.004021 0.005752
14 0.358819 0.530051 0.004021 0.005752
14 0.409263 0.520056 0.004021 0.005753
14 0.409263 0.537596 0.004021 0.005753
13 0.170503 0.520972 0.003410 0.006656
13 0.218790 0.520972 0.003411 0.006656
13 0.313571 0.520927 0.003410 0.006657
13 0.358110 0.521017 0.003411 0.006657
13 0.408544 0.528492 0.003410 0.006657
15 0.314258 0.582425 0.003901 0.005346
16 0.374341 0.575215 0.005171 0.008290
2 0.399772 0.527743 0.003879 0.002275
23 0.222194 0.546642 0.029107 0.083160
23 0.316828 0.546751 0.029107 0.083159
23 0.364606 0.546643 0.034717 0.082944
23 0.410846 0.546644 0.031639 0.083164
14 0.171530 0.131255 0.004070 0.005752
14 0.171548 0.147074 0.004087 0.005753
13 0.170949 0.137874 0.003564 0.006657
23 0.175813 0.166823 0.032410 0.083260
11 0.172900 0.163918 0.021779 0.029438
3 0.162046 0.186902 0.002631 0.008176
4 0.166789 0.189779 0.003463 0.004880
1 0.166805 0.182650 0.003819 0.003059
2 0.161978 0.195693 0.003959 0.002336
2 0.166828 0.195698 0.004002 0.002367
21 0.181084 0.200472 0.004232 0.010677
5 0.181077 0.189598 0.002637 0.008005
14 0.181085 0.182574 0.004046 0.005753
24 0.189606 0.151053 0.003959 0.005461
14 0.218944 0.131311 0.004058 0.005753
13 0.218272 0.137982 0.003419 0.006657
11 0.220259 0.163935 0.021808 0.029354
4 0.214214 0.189790 0.003447 0.004898
2 0.214158 0.195692 0.003958 0.002359
2 0.209431 0.195689 0.003974 0.002323
5 0.228475 0.190888 0.002516 0.008147
23 0.223095 0.166710 0.032026 0.083210
21 0.228476 0.201696 0.004297 0.010748
24 0.237012 0.151053 0.003952 0.005462
7 0.172545 0.552098 0.021885 0.022623
23 0.173763 0.546754 0.029107 0.083371
1 0.161644 0.571059 0.003851 0.003230
4 0.161687 0.578113 0.003492 0.004865
2 0.161649 0.584089 0.004000 0.002275
15 0.171219 0.580758 0.004031 0.005461
2 0.180675 0.584107 0.003959 0.002325
3 0.180678 0.575269 0.002544 0.008198
11 0.220905 0.551082 0.021834 0.029388
1 0.210038 0.571017 0.003790 0.003167
4 0.210056 0.578108 0.003499 0.004917
2 0.210052 0.584109 0.004024 0.002274
15 0.219577 0.580851 0.004031 0.005628
3 0.229072 0.575254 0.002630 0.008269
2 0.229047 0.584099 0.004132 0.002372
1 0.399741 0.514749 0.003866 0.003146
4 0.399735 0.521822 0.003466 0.004860
8 0.410626 0.548639 0.021798 0.016010
5 0.418815 0.564767 0.002580 0.008079
21 0.418801 0.579470 0.005324 0.013247
15 0.409251 0.582434 0.004002 0.005489
4 0.404516 0.569555 0.003499 0.004978
2 0.404530 0.575469 0.003988 0.002275
2 0.399766 0.575469 0.003988 0.002275
3 0.399781 0.566595 0.002594 0.008201
1 0.404491 0.562419 0.003895 0.003180
8 0.360167 0.541091 0.021712 0.015949
5 0.368352 0.556339 0.002608 0.008249
2 0.374316 0.584716 0.004002 0.002325
19 0.368344 0.571055 0.005353 0.013361
15 0.358827 0.582416 0.004024 0.005526
1 0.354081 0.554023 0.003873 0.003088
4 0.354092 0.561124 0.003478 0.004998
2 0.354081 0.567026 0.003988 0.002274
2 0.349328 0.567039 0.003995 0.002424
3 0.349328 0.558232 0.002572 0.008093
14 0.314282 0.530139 0.004061 0.005753
10 0.315598 0.548105 0.021769 0.015959
3 0.304750 0.566617 0.002687 0.008184
2 0.304793 0.575464 0.003981 0.002310
2 0.309549 0.575429 0.004038 0.002381
4 0.309518 0.569545 0.003426 0.004957
1 0.309532 0.562414 0.003873 0.003210
5 0.323816 0.564740 0.002637 0.008106
21 0.323798 0.579485 0.005274 0.013379
