29 0.671074 0.779531 0.026992 0.028301
29 0.426631 0.779668 0.028125 0.026270
29 0.183037 0.779082 0.030156 0.027773
9 0.182129 0.916992 0.032227 0.025391
16 0.146973 0.987793 0.038086 0.024414
16 0.187012 0.987305 0.038086 0.023438
16 0.230469 0.988770 0.039062 0.022461
16 0.391602 0.978516 0.039062 0.023438
16 0.432129 0.977051 0.038086 0.024414
16 0.473633 0.977051 0.037109 0.024414
16 0.633301 0.988770 0.038086 0.020508
16 0.676270 0.988770 0.038086 0.020508
16 0.718262 0.988770 0.040039 0.022461
29 0.425781 0.915527 0.033203 0.034180
29 0.673340 0.917480 0.032227 0.030273
29 0.916016 0.916504 0.029297 0.026367
28 0.179199 0.844727 0.041992 0.062500
28 0.420410 0.845703 0.034180 0.064453
28 0.665527 0.847168 0.034180 0.063477
28 0.910156 0.847168 0.035156 0.067383
29 0.914453 0.779805 0.028184 0.027207
