17 0.716309 0.374512 0.016602 0.010742
17 0.645020 0.369629 0.016602 0.010742
26 0.960366 0.302944 0.018193 0.007900
25 0.960151 0.331846 0.017939 0.017949
24 0.550781 0.192383 0.216797 0.378906
26 0.455566 0.299316 0.016602 0.012695
26 0.115723 0.317871 0.020508 0.010742
25 0.114258 0.347168 0.019531 0.018555
20 0.853516 0.324219 0.013672 0.041016
16 0.852051 0.229004 0.038086 0.024414
16 0.852051 0.206055 0.038086 0.023438
16 0.852051 0.182129 0.038086 0.024414
16 0.810059 0.229004 0.038086 0.024414
16 0.810059 0.204590 0.038086 0.024414
16 0.810059 0.181641 0.038086 0.023438
16 0.768555 0.229004 0.037109 0.024414
16 0.768555 0.204590 0.037109 0.024414
16 0.769043 0.181641 0.038086 0.023438
23 0.602539 0.336914 0.048828 0.044922
16 0.559570 0.340332 0.023438 0.012695
17 0.115967 0.390137 0.017090 0.012695
17 0.480957 0.081055 0.016602 0.011719
17 0.455615 0.370361 0.018652 0.012207
17 0.518408 0.370020 0.019238 0.011523
17 0.554883 0.370020 0.016016 0.011523
19 0.518359 0.316553 0.013281 0.033496
19 0.602344 0.271484 0.017188 0.037109
16 0.810059 0.371143 0.036133 0.027441
17 0.850928 0.374512 0.016309 0.010742
19 0.757812 0.329883 0.019531 0.048438
17 0.961035 0.374512 0.015820 0.010742
25 0.455811 0.320801 0.017090 0.016602
25 0.480713 0.032715 0.017090 0.016602
26 0.716797 0.302246 0.019531 0.010742
27 0.804199 0.322754 0.018555 0.018555
25 0.716309 0.331543 0.018555 0.018555
17 0.757324 0.375000 0.016602 0.009766
26 0.481445 0.011719 0.017578 0.009766
29 0.543457 0.119141 0.028320 0.029297
29 0.804199 0.119629 0.028320 0.026367
29 0.312500 0.124023 0.031250 0.027344
28 0.798828 0.053223 0.031250 0.067383
30 0.551758 0.293457 0.011719 0.030273
29 0.068848 0.119141 0.030273 0.031250
28 0.063965 0.050293 0.034180 0.063477
24 0.789062 0.201172 0.171875 0.371094
