16 0.634424 0.222168 0.038379 0.024414
15 0.583008 0.131836 0.076172 0.080078
17 0.529297 0.202637 0.011719 0.012695
16 0.591309 0.222168 0.038086 0.022461
16 0.591309 0.292969 0.038086 0.023438
16 0.633301 0.292969 0.038086 0.023438
16 0.676758 0.199219 0.037109 0.023438
16 0.676758 0.222168 0.037109 0.024414
16 0.676758 0.246094 0.037109 0.023438
16 0.676758 0.292969 0.037109 0.023438
26 0.915527 0.317871 0.020508 0.012695
28 0.862793 0.049805 0.032227 0.066406
29 0.868164 0.118164 0.029297 0.029297
17 0.688354 0.057134 0.019521 0.012490
19 0.568115 0.055518 0.017871 0.034863
16 0.592139 0.198877 0.037793 0.026660
16 0.591309 0.245605 0.038086 0.026367
16 0.591309 0.269385 0.036133 0.025098
16 0.634424 0.198877 0.038379 0.026660
16 0.634131 0.246387 0.039746 0.025977
16 0.634424 0.269385 0.038379 0.025098
16 0.676758 0.269678 0.037109 0.023730
17 0.915039 0.390625 0.017578 0.013672
25 0.915283 0.347998 0.019043 0.018848
9 0.725098 0.213135 0.409180 0.426270
19 0.688340 0.017104 0.018145 0.034209
