17 0.051270 0.374512 0.018555 0.012695
16 0.051270 0.204590 0.038086 0.024414
16 0.051270 0.228516 0.038086 0.023438
16 0.211426 0.180176 0.038086 0.024414
16 0.211426 0.204590 0.038086 0.024414
16 0.211426 0.227051 0.038086 0.024414
16 0.252930 0.180176 0.037109 0.024414
16 0.252930 0.204590 0.037109 0.024414
16 0.252930 0.228516 0.037109 0.023438
16 0.296387 0.181641 0.038086 0.023438
16 0.294922 0.204102 0.037109 0.023438
16 0.296387 0.228516 0.038086 0.023438
16 0.456543 0.181641 0.038086 0.023438
16 0.456543 0.204590 0.038086 0.022461
16 0.456543 0.228516 0.038086 0.023438
16 0.497559 0.204590 0.038086 0.022461
16 0.498047 0.229004 0.037109 0.024414
16 0.539551 0.181641 0.038086 0.025391
16 0.539551 0.204590 0.038086 0.024414
16 0.539551 0.229004 0.038086 0.024414
16 0.699219 0.181641 0.039062 0.023438
16 0.699219 0.204590 0.037109 0.024414
16 0.699219 0.229004 0.039062 0.024414
16 0.740723 0.180176 0.034180 0.024414
16 0.784668 0.181641 0.038086 0.023438
16 0.740723 0.204590 0.038086 0.022461
16 0.740723 0.229004 0.038086 0.024414
16 0.784180 0.204590 0.039062 0.024414
16 0.784668 0.229004 0.038086 0.024414
16 0.942383 0.216309 0.039062 0.024414
17 0.404297 0.374512 0.015625 0.012695
17 0.647461 0.374512 0.017578 0.010742
17 0.688477 0.374512 0.015625 0.012695
17 0.891602 0.374512 0.017578 0.012695
19 0.688965 0.329102 0.020508 0.048828
20 0.784180 0.327637 0.015625 0.043945
20 0.053223 0.324219 0.014648 0.044922
17 0.160645 0.373047 0.016602 0.013672
17 0.294922 0.373047 0.017578 0.013672
25 0.646973 0.331055 0.018555 0.017578
26 0.160156 0.302246 0.019531 0.008789
26 0.404297 0.302734 0.021484 0.011719
26 0.648438 0.302246 0.021484 0.012695
26 0.891113 0.301758 0.020508 0.011719
28 0.241699 0.051758 0.034180 0.066406
28 0.486328 0.055176 0.035156 0.071289
28 0.730469 0.052246 0.031250 0.063477
28 0.973633 0.052734 0.033203 0.062500
29 0.248047 0.119629 0.031250 0.026367
29 0.492188 0.120117 0.029297 0.027344
29 0.735840 0.119629 0.026367 0.026367
27 0.737305 0.322266 0.019531 0.017578
27 0.979980 0.323730 0.018555 0.020508
24 0.233398 0.199707 0.175781 0.374023
24 0.476562 0.201172 0.171875 0.375000
24 0.721680 0.200684 0.177734 0.372070
16 0.014648 0.182129 0.029297 0.024414
16 0.014648 0.205811 0.029297 0.024902
16 0.013672 0.228027 0.027344 0.022461
16 0.051270 0.181152 0.038086 0.026367
16 0.497559 0.181055 0.036133 0.026172
16 0.943848 0.193555 0.038086 0.025781
16 0.983398 0.192383 0.033203 0.025391
16 0.982910 0.216309 0.034180 0.024414
17 0.444775 0.373047 0.016504 0.013672
17 0.539160 0.374512 0.017578 0.012695
16 0.497559 0.370703 0.038086 0.026562
16 0.742188 0.371826 0.037109 0.024902
16 0.983887 0.370801 0.032227 0.026758
19 0.445361 0.329102 0.017480 0.046875
17 0.782715 0.374512 0.016602 0.012695
17 0.933105 0.373584 0.016602 0.012793
19 0.932666 0.329102 0.018652 0.048828
20 0.540527 0.325684 0.018555 0.040039
20 0.295801 0.326172 0.019336 0.044922
19 0.200635 0.329102 0.020410 0.046875
16 0.015137 0.369141 0.030273 0.027344
16 0.254395 0.372266 0.040039 0.025781
17 0.201172 0.374219 0.017578 0.014062
25 0.161035 0.331543 0.019336 0.018555
25 0.403789 0.331445 0.019375 0.020313
25 0.892090 0.331738 0.018555 0.016992
29 0.979395 0.119727 0.031055 0.026562
27 0.491797 0.323242 0.020313 0.017578
27 0.007324 0.323779 0.014648 0.020410
29 0.008511 0.121206 0.017021 0.030049
28 0.007388 0.046934 0.014775 0.069473
