20 0.298340 0.325684 0.018555 0.041992
20 0.055176 0.325684 0.016602 0.038086
19 0.935547 0.325684 0.019531 0.047852
19 0.690430 0.326172 0.019531 0.046875
19 0.447266 0.326172 0.017578 0.048828
19 0.202637 0.326172 0.018555 0.046875
16 0.983887 0.365723 0.030273 0.026367
16 0.744629 0.367676 0.038086 0.026367
16 0.500977 0.367188 0.037109 0.025391
16 0.258301 0.367188 0.038086 0.025391
16 0.015625 0.365723 0.029297 0.024414
16 0.016602 0.223633 0.031250 0.025391
16 0.054688 0.223633 0.039062 0.023438
16 0.054688 0.200684 0.039062 0.024414
16 0.015625 0.200684 0.029297 0.026367
17 0.935547 0.369629 0.015625 0.012695
16 0.256348 0.202637 0.041992 0.024414
16 0.214844 0.200684 0.039062 0.020508
16 0.299805 0.176758 0.041016 0.023438
16 0.256348 0.178223 0.038086 0.026367
17 0.893555 0.369141 0.015625 0.011719
17 0.786133 0.369141 0.019531 0.013672
16 0.214844 0.178223 0.039062 0.024414
17 0.692383 0.371094 0.017578 0.011719
17 0.650391 0.369141 0.019531 0.011719
17 0.541504 0.371094 0.016602 0.009766
17 0.447266 0.369629 0.017578 0.010742
17 0.407227 0.369629 0.019531 0.010742
17 0.297852 0.371094 0.017578 0.011719
17 0.204102 0.371094 0.015625 0.011719
17 0.162598 0.369141 0.016602 0.011719
17 0.053711 0.371094 0.015625 0.011719
16 0.985352 0.213379 0.029297 0.026367
16 0.984375 0.188965 0.031250 0.024414
16 0.945801 0.214844 0.040039 0.023438
16 0.943848 0.188965 0.038086 0.024414
16 0.785645 0.213379 0.040039 0.022461
16 0.785645 0.188965 0.038086 0.024414
16 0.744629 0.213379 0.036133 0.024414
16 0.744629 0.188965 0.038086 0.026367
16 0.704102 0.213379 0.039062 0.022461
16 0.700684 0.188965 0.036133 0.026367
16 0.542969 0.225098 0.039062 0.024414
16 0.541504 0.200684 0.038086 0.022461
16 0.542969 0.178223 0.037109 0.026367
16 0.499512 0.225098 0.036133 0.024414
16 0.500977 0.201172 0.039062 0.023438
16 0.501465 0.178223 0.038086 0.024414
16 0.459473 0.225098 0.038086 0.024414
16 0.458008 0.200684 0.037109 0.024414
16 0.459473 0.178223 0.038086 0.026367
16 0.299805 0.225098 0.039062 0.024414
16 0.256348 0.225098 0.036133 0.024414
16 0.214844 0.225098 0.039062 0.024414
16 0.298340 0.200684 0.038086 0.024414
20 0.542969 0.326172 0.021484 0.042969
20 0.786133 0.324219 0.015625 0.041016
25 0.162598 0.329590 0.016602 0.018555
25 0.408691 0.330078 0.020508 0.017578
25 0.650879 0.328613 0.018555 0.018555
25 0.894531 0.329102 0.017578 0.017578
26 0.163086 0.299805 0.017578 0.015625
26 0.405762 0.298828 0.018555 0.015625
26 0.649902 0.298828 0.016602 0.009766
26 0.894531 0.299316 0.023438 0.014648
30 0.250977 0.319824 0.019531 0.018555
30 0.495605 0.320312 0.018555 0.015625
30 0.739258 0.319824 0.015625 0.018555
30 0.983887 0.320312 0.018555 0.017578
29 0.251953 0.117188 0.029297 0.031250
29 0.496094 0.116211 0.033203 0.029297
29 0.738770 0.117676 0.030273 0.030273
29 0.982910 0.116699 0.028320 0.026367
28 0.246094 0.042480 0.033203 0.065430
28 0.488770 0.045898 0.036133 0.070312
28 0.732422 0.043945 0.035156 0.066406
28 0.977539 0.045410 0.033203 0.065430
24 0.236816 0.194824 0.180664 0.379883
24 0.478516 0.194824 0.177734 0.379883
24 0.723145 0.196777 0.176758 0.379883
28 0.011719 0.047363 0.021484 0.055664
29 0.012207 0.116211 0.022461 0.033203
24 0.937012 0.195312 0.125977 0.382812
