16 0.718262 0.188965 0.038086 0.024414
26 0.583496 0.299805 0.020508 0.011719
26 0.827148 0.298340 0.017578 0.012695
29 0.184082 0.116699 0.032227 0.028320
29 0.426758 0.116211 0.029297 0.029297
29 0.672363 0.115723 0.032227 0.028320
29 0.915527 0.116211 0.030273 0.031250
28 0.176270 0.045898 0.032227 0.068359
28 0.421387 0.050293 0.030273 0.069336
28 0.664062 0.046875 0.031250 0.062500
28 0.909180 0.047363 0.031250 0.063477
24 0.167480 0.196777 0.174805 0.377930
24 0.411133 0.197754 0.177734 0.372070
24 0.654785 0.197754 0.172852 0.375977
24 0.896484 0.198730 0.173828 0.374023
16 0.390137 0.176758 0.038086 0.023438
16 0.390137 0.200684 0.038086 0.024414
16 0.390137 0.225098 0.038086 0.024414
16 0.432129 0.176270 0.038086 0.024414
16 0.432129 0.201172 0.038086 0.023438
16 0.432129 0.225098 0.038086 0.024414
16 0.473633 0.176270 0.037109 0.024414
16 0.475098 0.201172 0.038086 0.023438
16 0.475098 0.223633 0.038086 0.023438
19 0.136719 0.325684 0.021484 0.051758
19 0.379395 0.324219 0.018555 0.050781
17 0.093750 0.369629 0.015625 0.012695
16 0.230469 0.188965 0.037109 0.024414
16 0.230469 0.211426 0.037109 0.024414
30 0.670410 0.318848 0.018555 0.018555
16 0.146973 0.188965 0.038086 0.024414
16 0.146973 0.213379 0.038086 0.022461
16 0.188477 0.188965 0.037109 0.024414
16 0.188965 0.213379 0.038086 0.024414
17 0.134766 0.369629 0.013672 0.012695
17 0.228516 0.369629 0.015625 0.010742
17 0.337891 0.373047 0.017578 0.011719
17 0.379395 0.369629 0.014648 0.012695
17 0.473633 0.371094 0.015625 0.011719
20 0.230469 0.322266 0.017578 0.044922
20 0.475098 0.325684 0.016602 0.047852
16 0.633301 0.187012 0.038086 0.026367
16 0.634766 0.213379 0.039062 0.024414
16 0.674805 0.187012 0.037109 0.026367
16 0.674805 0.211426 0.037109 0.024414
16 0.718262 0.211426 0.036133 0.024414
16 0.878418 0.200684 0.038086 0.024414
16 0.878418 0.225098 0.038086 0.022461
16 0.919434 0.200684 0.038086 0.024414
16 0.919434 0.223633 0.038086 0.023438
16 0.961426 0.200684 0.038086 0.024414
16 0.961426 0.223633 0.038086 0.023438
19 0.623047 0.326172 0.019531 0.050781
19 0.867676 0.326172 0.020508 0.048828
20 0.962891 0.324219 0.017578 0.042969
16 0.919434 0.367676 0.038086 0.026367
16 0.676758 0.367676 0.037109 0.026367
16 0.433594 0.367188 0.039062 0.025391
16 0.188477 0.367676 0.039062 0.024414
20 0.718262 0.322266 0.014648 0.046875
17 0.582520 0.371094 0.016602 0.011719
17 0.623047 0.371094 0.017578 0.009766
17 0.716797 0.371094 0.017578 0.011719
17 0.826172 0.371094 0.017578 0.011719
17 0.867188 0.371094 0.017578 0.011719
17 0.960938 0.369629 0.015625 0.010742
25 0.095703 0.328613 0.019531 0.016602
25 0.339355 0.332031 0.016602 0.019531
25 0.583496 0.327637 0.018555 0.018555
25 0.827637 0.328125 0.016602 0.019531
30 0.183594 0.319824 0.017578 0.018555
30 0.427246 0.319336 0.018555 0.019531
26 0.094238 0.299316 0.018555 0.010742
26 0.339355 0.301270 0.018555 0.012695
