16 0.767090 0.980469 0.036133 0.023438
29 0.068516 0.783091 0.029902 0.030186
29 0.313174 0.923413 0.030840 0.028818
29 0.069531 0.920215 0.033203 0.028320
29 0.543359 0.919434 0.028125 0.026367
25 0.481104 0.832031 0.018848 0.017578
16 0.852051 0.981592 0.038086 0.025684
17 0.481445 0.881006 0.015625 0.013965
16 0.808594 0.980469 0.035156 0.023438
28 0.065918 0.850586 0.040039 0.068359
29 0.804688 0.919922 0.029297 0.029297
26 0.480469 0.812012 0.017578 0.010742
28 0.797852 0.850586 0.033203 0.064453
29 0.804390 0.783198 0.027568 0.028701
29 0.543242 0.783169 0.029336 0.029619
29 0.312695 0.787290 0.029707 0.028721
