29 0.423340 0.919434 0.030273 0.026367
29 0.181641 0.919434 0.031250 0.026367
16 0.959473 0.981934 0.036133 0.026367
16 0.674805 0.990723 0.039062 0.018555
16 0.631348 0.990723 0.038086 0.018555
28 0.420117 0.854492 0.034766 0.066406
28 0.177051 0.850195 0.036523 0.059375
29 0.179336 0.783047 0.028340 0.028340
29 0.423384 0.783223 0.027686 0.028516
29 0.667046 0.783052 0.028232 0.027764
29 0.911665 0.783423 0.028330 0.027920
29 0.911133 0.921143 0.029297 0.027832
29 0.667969 0.920801 0.031250 0.027539
16 0.916504 0.981348 0.036133 0.025195
16 0.874512 0.981738 0.038086 0.025977
16 0.144043 0.989746 0.038086 0.020508
16 0.187012 0.990723 0.038086 0.018555
16 0.228516 0.989746 0.039062 0.020508
16 0.388184 0.990723 0.038086 0.018555
16 0.430176 0.990723 0.038086 0.018555
16 0.472168 0.989746 0.038086 0.020508
28 0.907715 0.850586 0.034180 0.060547
16 0.716309 0.990625 0.038086 0.018750
28 0.664062 0.850586 0.035156 0.062500
