28 0.401367 0.050781 0.029297 0.062500
24 0.390625 0.201660 0.169922 0.372070
16 0.369629 0.206055 0.038086 0.023438
16 0.369629 0.182129 0.038086 0.024414
16 0.210938 0.216309 0.037109 0.024414
16 0.369629 0.229004 0.038086 0.024414
16 0.413086 0.182129 0.039062 0.024414
16 0.413086 0.229004 0.037109 0.024414
16 0.454590 0.182129 0.038086 0.024414
16 0.454590 0.204590 0.038086 0.024414
16 0.454590 0.229004 0.038086 0.022461
17 0.074219 0.374512 0.017578 0.010742
17 0.115723 0.374512 0.016602 0.012695
17 0.209473 0.374512 0.018555 0.012695
16 0.167969 0.371094 0.039062 0.025391
19 0.115723 0.329590 0.018555 0.047852
20 0.211426 0.322754 0.014648 0.041992
17 0.358887 0.374512 0.016602 0.012695
17 0.452637 0.374512 0.016602 0.012695
16 0.412598 0.371094 0.036133 0.023438
25 0.075684 0.333008 0.018555 0.019531
30 0.163086 0.322754 0.019531 0.016602
26 0.074707 0.302734 0.016602 0.011719
26 0.319336 0.303223 0.017578 0.010742
29 0.163574 0.119141 0.032227 0.027344
29 0.406738 0.119141 0.028320 0.025391
17 0.319336 0.374512 0.017578 0.012695
16 0.126465 0.194238 0.036133 0.023242
16 0.169434 0.193359 0.038086 0.025391
16 0.210938 0.193555 0.037109 0.025781
16 0.126465 0.217480 0.036133 0.024805
16 0.169824 0.217490 0.038086 0.024414
16 0.412598 0.205371 0.038086 0.024023
19 0.360352 0.329932 0.019531 0.046582
20 0.454785 0.327637 0.016992 0.043945
25 0.319287 0.332520 0.019629 0.020508
24 0.147373 0.198828 0.170898 0.377734
28 0.156250 0.049805 0.029297 0.056641
