20 0.714844 0.327637 0.017578 0.043945
19 0.619629 0.327637 0.020508 0.047852
16 0.673340 0.369629 0.038086 0.026367
17 0.619141 0.374512 0.017578 0.012695
17 0.579102 0.374512 0.017578 0.014648
16 0.959473 0.229004 0.036133 0.024414
16 0.959473 0.204590 0.038086 0.024414
16 0.917969 0.228516 0.039062 0.023438
16 0.916504 0.204590 0.038086 0.024414
16 0.876465 0.228516 0.038086 0.023438
16 0.876465 0.204590 0.036133 0.024414
16 0.959473 0.181641 0.040039 0.023438
16 0.916504 0.181641 0.038086 0.023438
16 0.716309 0.216309 0.036133 0.024414
16 0.714844 0.191895 0.039062 0.024414
16 0.673340 0.216309 0.038086 0.024414
16 0.675293 0.192383 0.040039 0.025391
16 0.631348 0.214844 0.036133 0.025391
16 0.631348 0.191895 0.038086 0.024414
20 0.228516 0.325684 0.017578 0.043945
19 0.376465 0.329102 0.018555 0.046875
16 0.430176 0.216309 0.038086 0.024414
16 0.430176 0.191895 0.040039 0.024414
16 0.386719 0.216309 0.039062 0.022461
16 0.386719 0.192383 0.039062 0.025391
16 0.228516 0.216309 0.037109 0.024414
16 0.227051 0.191895 0.038086 0.024414
16 0.185547 0.216309 0.035156 0.024414
16 0.185059 0.191895 0.036133 0.024414
16 0.144043 0.216309 0.038086 0.026367
16 0.142090 0.191895 0.038086 0.024414
17 0.335938 0.374512 0.017578 0.010742
24 0.409180 0.200195 0.173828 0.375000
24 0.164551 0.199707 0.176758 0.374023
26 0.824219 0.301758 0.019531 0.009766
29 0.179688 0.119629 0.031250 0.026367
29 0.911133 0.119629 0.027344 0.026367
29 0.667969 0.119629 0.027344 0.024414
29 0.422852 0.119629 0.027344 0.024414
28 0.905762 0.048340 0.032227 0.059570
28 0.661133 0.053711 0.033203 0.062500
28 0.416504 0.053223 0.032227 0.071289
28 0.174805 0.051270 0.035156 0.069336
27 0.667969 0.322754 0.019531 0.016602
27 0.178223 0.322754 0.018555 0.016602
26 0.581055 0.301758 0.021484 0.009766
26 0.336426 0.301758 0.018555 0.009766
26 0.091797 0.301758 0.021484 0.009766
25 0.091797 0.331055 0.017578 0.017578
25 0.579102 0.331055 0.017578 0.017578
25 0.822266 0.331055 0.017578 0.017578
16 0.916504 0.369629 0.038086 0.026367
17 0.958008 0.373047 0.013672 0.013672
17 0.864258 0.373047 0.013672 0.013672
17 0.822266 0.373047 0.015625 0.015625
17 0.714844 0.374512 0.017578 0.012695
20 0.959473 0.329102 0.016602 0.044922
17 0.376709 0.374512 0.017090 0.010742
20 0.472412 0.322754 0.015137 0.041992
16 0.186523 0.369629 0.039062 0.024414
16 0.429688 0.371094 0.039062 0.025391
16 0.875977 0.180566 0.037109 0.027148
19 0.864258 0.330078 0.019531 0.046875
25 0.335938 0.331494 0.017578 0.018457
27 0.422852 0.323486 0.017578 0.017090
19 0.133301 0.329102 0.020508 0.044922
17 0.469727 0.374512 0.017578 0.012695
24 0.652832 0.197266 0.172852 0.380859
17 0.225586 0.374512 0.015625 0.010742
17 0.131836 0.374512 0.013672 0.010742
17 0.089844 0.374512 0.013672 0.012695
16 0.471680 0.216309 0.039062 0.024414
16 0.470215 0.192383 0.038086 0.025391
24 0.895508 0.196777 0.177734 0.383789
