12 0.240256 0.658140 0.253877 0.287501
23 0.190514 0.423242 0.376266 0.758328
2 0.825568 0.982062 0.034593 0.019855
2 0.024099 0.594314 0.037067 0.023610
14 0.728928 0.143400 0.057145 0.056981
1 0.825522 0.833332 0.036460 0.014196
14 0.102255 0.176264 0.050812 0.050809
14 0.350985 0.118860 0.049770 0.050893
13 0.716397 0.279255 0.066740 0.115161
14 0.728819 0.425235 0.056601 0.054072
23 0.763802 0.498014 0.164059 0.992776
3 0.350913 0.201009 0.033461 0.091730
5 0.102346 0.293194 0.037502 0.068427
2 0.350297 0.296905 0.041207 0.023501
18 0.134456 0.451012 0.160200 0.168034
4 0.825386 0.893261 0.038018 0.037562
