14 0.733199 0.424210 0.056601 0.057045
2 0.755950 0.939258 0.032908 0.018618
2 0.327422 0.949659 0.034204 0.019368
3 0.134768 0.855667 0.035291 0.094140
17 0.854039 0.869465 0.100128 0.089455
4 0.327114 0.860839 0.037565 0.037434
2 0.134306 0.949742 0.034204 0.019919
4 0.551399 0.838735 0.033533 0.033461
2 0.942144 0.939488 0.032908 0.018682
3 0.680602 0.830307 0.020966 0.061916
16 0.942398 0.891832 0.032971 0.047592
14 0.230656 0.142887 0.057444 0.056609
2 0.327649 0.800685 0.036034 0.013151
23 0.244011 0.485395 0.255082 0.952253
14 0.732719 0.143233 0.057444 0.056609
2 0.603878 0.345580 0.032745 0.018598
11 0.244799 0.580304 0.251222 0.223631
2 0.551562 0.796385 0.028776 0.017124
2 0.551335 0.939584 0.031703 0.018752
2 0.680358 0.939552 0.032908 0.019073
5 0.852535 0.738866 0.031377 0.071613
13 0.217300 0.279216 0.068724 0.117083
14 0.230465 0.425556 0.060289 0.055533
4 0.603778 0.244890 0.033986 0.033659
1 0.603968 0.202899 0.031123 0.018035
23 0.746889 0.475936 0.430666 0.948619
