2 0.060482 0.800814 0.036070 0.013478
2 0.060110 0.949512 0.033470 0.019989
2 0.144500 0.949153 0.034702 0.020444
2 0.838737 0.949281 0.034376 0.019009
0 0.846312 0.855596 0.029202 0.053386
6 0.755960 0.941860 0.078845 0.051694
15 0.742623 0.843375 0.037946 0.033108
2 0.337372 0.949480 0.033723 0.019009
2 0.561983 0.949704 0.034892 0.019726
2 0.645965 0.949480 0.034376 0.019009
3 0.645929 0.855699 0.036133 0.093947
8 0.255057 0.596877 0.250243 0.141924
0 0.344367 0.855468 0.029102 0.053514
15 0.241022 0.843394 0.037955 0.033787
8 0.756513 0.597236 0.251294 0.142642
14 0.240497 0.142323 0.057453 0.056603
14 0.741663 0.142336 0.057444 0.053552
13 0.228646 0.279575 0.066740 0.115154
13 0.728543 0.278268 0.066740 0.115154
14 0.240026 0.425966 0.056610 0.055808
14 0.742469 0.425460 0.056610 0.054802
2 0.562056 0.800237 0.035653 0.012446
4 0.562300 0.860973 0.036324 0.035851
23 0.710050 0.483953 0.340532 0.967384
3 0.144337 0.855923 0.036070 0.094402
6 0.253743 0.941860 0.079887 0.051822
4 0.060663 0.861005 0.037003 0.037242
23 0.209319 0.484607 0.340532 0.964244
