3 0.147784 0.855923 0.035680 0.093621
3 0.649412 0.855699 0.035680 0.093556
7 0.258268 0.600453 0.252463 0.183985
2 0.063738 0.808158 0.036586 0.013106
2 0.063611 0.956459 0.034249 0.018778
2 0.147829 0.949384 0.033905 0.018816
2 0.565303 0.800685 0.036460 0.013215
6 0.257298 0.942545 0.077477 0.051886
15 0.244206 0.843682 0.039196 0.035024
4 0.064128 0.867876 0.037628 0.036921
14 0.244360 0.142323 0.057444 0.053552
14 0.745526 0.142323 0.057444 0.053552
13 0.231050 0.279575 0.066740 0.115154
13 0.732252 0.279575 0.066740 0.115154
14 0.243943 0.424985 0.056601 0.054802
14 0.746378 0.424985 0.056601 0.054802
2 0.340637 0.949140 0.033479 0.018374
2 0.565565 0.949236 0.033470 0.018374
2 0.649530 0.949525 0.033470 0.018368
2 0.842247 0.949525 0.033470 0.018368
0 0.347850 0.855507 0.027725 0.052783
0 0.849450 0.855455 0.027725 0.052110
6 0.759371 0.942295 0.077477 0.051034
15 0.745970 0.843702 0.037946 0.032179
4 0.565384 0.861063 0.036324 0.035851
23 0.213291 0.486485 0.340532 0.970499
23 0.715635 0.484844 0.340532 0.967474
8 0.759642 0.597396 0.251340 0.142187
