6 0.749022 0.942186 0.079688 0.052867
2 0.832551 0.949448 0.035155 0.019464
14 0.233078 0.424806 0.056601 0.056763
13 0.722692 0.279421 0.066749 0.117333
14 0.735748 0.425351 0.056610 0.057237
14 0.235226 0.141926 0.057453 0.056609
14 0.735467 0.143835 0.057444 0.056609
13 0.221227 0.278332 0.066749 0.115154
23 0.205887 0.484274 0.339653 0.964635
7 0.247321 0.602568 0.250452 0.187824
8 0.749901 0.623634 0.251086 0.136976
15 0.234048 0.843426 0.040102 0.036588
23 0.704816 0.486068 0.345968 0.967622
4 0.053906 0.860967 0.037366 0.037434
2 0.054504 0.800942 0.035653 0.013869
3 0.137797 0.855955 0.036650 0.095639
2 0.053942 0.949217 0.035091 0.019662
2 0.137662 0.949480 0.034702 0.019662
6 0.247657 0.941936 0.079814 0.051034
2 0.330923 0.949512 0.035155 0.020246
0 0.337365 0.855116 0.029411 0.053456
4 0.555307 0.860967 0.037828 0.037697
2 0.555407 0.801044 0.037764 0.014580
2 0.555172 0.949249 0.035354 0.020508
2 0.639163 0.949672 0.034829 0.020444
3 0.639453 0.855731 0.036324 0.095312
0 0.839582 0.855109 0.030208 0.053713
