2 0.670237 0.375568 0.025687 0.009724
14 0.251939 0.032859 0.025619 0.025201
13 0.247549 0.071783 0.020848 0.028758
14 0.251973 0.114865 0.025619 0.025249
8 0.261065 0.177914 0.142425 0.072984
5 0.315231 0.252791 0.016404 0.037386
21 0.314925 0.321377 0.033406 0.061443
3 0.283694 0.261602 0.016112 0.037343
2 0.283728 0.302881 0.025687 0.009565
15 0.252027 0.327516 0.025639 0.024692
6 0.261045 0.361186 0.043830 0.025677
2 0.220714 0.302896 0.025687 0.009633
4 0.220734 0.274974 0.021711 0.022413
1 0.220768 0.242097 0.024803 0.013915
0 0.185813 0.258675 0.018409 0.021966
2 0.189272 0.302872 0.025265 0.009584
14 0.567891 0.032912 0.025612 0.025095
14 0.567925 0.114778 0.025612 0.024942
8 0.576916 0.177947 0.142459 0.073109
0 0.501487 0.258771 0.018993 0.021966
13 0.563033 0.071572 0.020842 0.028436
1 0.536449 0.241597 0.024171 0.013915
2 0.504891 0.302660 0.025687 0.010113
2 0.536585 0.302641 0.025687 0.010152
2 0.599388 0.302636 0.025150 0.010156
4 0.536415 0.275080 0.022214 0.022207
15 0.567925 0.329006 0.025578 0.024692
6 0.576698 0.361176 0.043164 0.025759
3 0.599409 0.261381 0.016309 0.037006
5 0.630919 0.252633 0.015901 0.036925
19 0.630905 0.311418 0.033399 0.060862
16 0.670373 0.331236 0.033569 0.037915
14 0.883117 0.032854 0.025265 0.025302
14 0.883130 0.114908 0.025347 0.025360
8 0.891856 0.194525 0.142561 0.073061
0 0.816712 0.291100 0.018341 0.021966
13 0.878455 0.071701 0.020848 0.028758
1 0.851607 0.273840 0.024715 0.013915
2 0.820368 0.334850 0.025687 0.010084
2 0.851573 0.334836 0.025687 0.010022
4 0.851627 0.307260 0.021847 0.022101
15 0.883063 0.329006 0.025197 0.024692
6 0.892128 0.361225 0.043171 0.025759
5 0.946117 0.284809 0.016554 0.036929
22 0.946375 0.353625 0.033624 0.061208
