14 0.633321 0.041715 0.042144 0.036864
14 0.633507 0.143097 0.042321 0.036870
13 0.627304 0.084135 0.036905 0.042664
23 0.677671 0.269665 0.335603 0.533601
11 0.647507 0.251047 0.225520 0.188664
3 0.535115 0.398348 0.027244 0.052399
4 0.584228 0.416787 0.035859 0.031275
1 0.584394 0.371098 0.039545 0.019605
2 0.534411 0.454689 0.040995 0.014971
2 0.584632 0.454721 0.041440 0.015170
21 0.732252 0.485317 0.043822 0.068427
5 0.732179 0.415627 0.027306 0.051303
14 0.732262 0.370611 0.041896 0.036870
24 0.820496 0.168597 0.040995 0.034999
