14 0.133492 0.417022 0.044233 0.037889
13 0.125558 0.467100 0.036267 0.040587
14 0.133080 0.526094 0.044721 0.038389
8 0.147246 0.609197 0.235245 0.103862
5 0.234282 0.709855 0.028636 0.052290
3 0.182732 0.720442 0.028907 0.053892
16 0.297396 0.814364 0.057901 0.055430
2 0.296290 0.873300 0.048644 0.017509
19 0.233718 0.787300 0.055451 0.083552
2 0.183285 0.775443 0.042672 0.015042
6 0.147441 0.853644 0.072869 0.037370
15 0.133286 0.810474 0.045198 0.035986
1 0.082333 0.694070 0.042911 0.021918
4 0.083720 0.738720 0.039778 0.031749
2 0.083113 0.775610 0.042813 0.015356
2 0.032182 0.775796 0.043518 0.015631
0 0.028193 0.717565 0.036462 0.035037
23 0.171297 0.632961 0.340262 0.539754
14 0.636238 0.415990 0.044656 0.037383
13 0.629550 0.467389 0.037166 0.042830
14 0.635273 0.525216 0.046737 0.037915
8 0.650187 0.631955 0.234714 0.102683
5 0.736237 0.752333 0.028809 0.052886
22 0.735922 0.843274 0.057521 0.085257
6 0.651835 0.854214 0.074712 0.038793
15 0.635653 0.810666 0.044537 0.036184
4 0.585783 0.782096 0.037806 0.031935
1 0.585025 0.737721 0.046737 0.020592
2 0.586434 0.819055 0.043431 0.014606
2 0.536651 0.819273 0.044374 0.015067
0 0.530311 0.760325 0.031671 0.031326
23 0.638460 0.631821 0.278784 0.533300
