11 0.118921 0.279161 0.191005 0.183748
14 0.107640 0.051083 0.035998 0.036877
14 0.107640 0.154957 0.035998 0.036870
13 0.101932 0.100944 0.030054 0.041228
0 0.023323 0.419579 0.025206 0.032467
1 0.067801 0.399122 0.035563 0.021829
4 0.067303 0.441202 0.030153 0.029609
15 0.107939 0.457032 0.034131 0.033358
3 0.187908 0.423802 0.020413 0.047310
23 0.128389 0.252301 0.254937 0.502903
2 0.027717 0.476349 0.033597 0.014580
2 0.067575 0.476509 0.033597 0.014580
2 0.187763 0.476182 0.033597 0.014580
