14 0.204099 0.040570 0.027005 0.027653
14 0.203916 0.118102 0.026998 0.027657
14 0.504069 0.040378 0.027005 0.027653
14 0.503885 0.117727 0.026998 0.027657
14 0.803672 0.040191 0.026998 0.027657
14 0.803481 0.118102 0.027005 0.027657
13 0.199770 0.077562 0.022540 0.030916
13 0.499564 0.077356 0.022534 0.030916
13 0.799561 0.077774 0.022534 0.030916
7 0.212369 0.208601 0.142221 0.105198
8 0.512658 0.211283 0.139061 0.073061
1 0.173961 0.300932 0.026672 0.016376
2 0.143926 0.358967 0.025924 0.012031
2 0.173941 0.359044 0.025924 0.012031
2 0.263980 0.358636 0.025924 0.012031
2 0.443997 0.358890 0.025924 0.012036
2 0.473877 0.358991 0.025924 0.012036
2 0.563760 0.358535 0.025924 0.012031
2 0.743736 0.358789 0.025924 0.012031
2 0.773765 0.359092 0.025924 0.012036
2 0.863492 0.358938 0.025924 0.012031
0 0.141364 0.317644 0.021073 0.024322
4 0.174104 0.332151 0.022622 0.022211
4 0.474040 0.332079 0.022615 0.022211
4 0.773622 0.332286 0.022622 0.022211
0 0.441619 0.317452 0.021073 0.024326
0 0.740767 0.317375 0.021079 0.024326
3 0.263980 0.319216 0.016588 0.036550
3 0.563773 0.319341 0.016588 0.036550
3 0.863628 0.319250 0.016588 0.036550
1 0.474183 0.300480 0.026672 0.016376
1 0.773575 0.300634 0.026672 0.016376
9 0.812173 0.207712 0.139068 0.102031
23 0.526507 0.191672 0.209319 0.379576
23 0.826307 0.190768 0.209319 0.379576
24 0.317793 0.120539 0.025211 0.024399
24 0.617525 0.120611 0.025211 0.024394
24 0.917495 0.120803 0.025211 0.024394
