14 0.137430 0.306942 0.045185 0.036870
14 0.137123 0.409067 0.045185 0.036870
14 0.634940 0.306942 0.045185 0.036870
14 0.634633 0.409067 0.045173 0.036870
13 0.129505 0.356021 0.037703 0.041222
13 0.627072 0.356021 0.037715 0.041222
11 0.149732 0.536340 0.239693 0.183748
12 0.649118 0.530662 0.235714 0.212806
4 0.237737 0.695652 0.037840 0.029615
0 0.032529 0.675771 0.035259 0.032435
0 0.529744 0.684167 0.035259 0.032429
3 0.734837 0.686500 0.027754 0.048733
1 0.237111 0.653661 0.044628 0.021835
23 0.175770 0.509372 0.350233 0.506101
24 0.327254 0.413675 0.042183 0.032525
24 0.824764 0.413925 0.042183 0.032531
23 0.674371 0.508776 0.350233 0.506101
2 0.036793 0.731022 0.042661 0.014580
2 0.237259 0.730881 0.042661 0.014580
2 0.534530 0.730881 0.042661 0.014580
2 0.735349 0.739104 0.042661 0.014580
