14 0.097556 0.075392 0.030960 0.029385
13 0.094376 0.116492 0.027209 0.035377
14 0.097692 0.162405 0.032120 0.032262
12 0.106716 0.269119 0.156702 0.183146
3 0.165546 0.403269 0.020531 0.043766
2 0.165882 0.447061 0.030815 0.013817
6 0.107251 0.430564 0.050277 0.031378
15 0.098825 0.391163 0.032509 0.031346
1 0.030608 0.381787 0.030317 0.020566
4 0.030417 0.417574 0.026819 0.027879
2 0.030608 0.446888 0.030443 0.013958
23 0.098544 0.247335 0.179462 0.421786
14 0.443606 0.076610 0.033814 0.031423
13 0.439139 0.116300 0.029755 0.034698
14 0.443415 0.162719 0.032772 0.031173
8 0.453137 0.260685 0.162900 0.083270
1 0.511677 0.345762 0.029646 0.019765
4 0.510572 0.381421 0.028577 0.028910
15 0.442890 0.389484 0.031205 0.029852
2 0.511297 0.411254 0.031205 0.014138
6 0.453110 0.431679 0.054137 0.034037
23 0.453210 0.249591 0.172721 0.427342
14 0.783168 0.076860 0.032047 0.032531
13 0.780241 0.117094 0.028604 0.035024
14 0.783648 0.163636 0.030480 0.030647
10 0.792029 0.259884 0.161332 0.083956
15 0.783666 0.389862 0.029048 0.028814
2 0.851756 0.411152 0.031929 0.014343
3 0.851575 0.367405 0.020069 0.044125
2 0.716636 0.411120 0.029882 0.012388
4 0.716591 0.382344 0.029420 0.028846
1 0.716364 0.346282 0.029963 0.020220
23 0.787789 0.247547 0.180667 0.427035
