8 0.102913 0.211159 0.154453 0.073056
8 0.435887 0.211159 0.154453 0.073056
11 0.766536 0.210568 0.159102 0.137811
14 0.093064 0.038797 0.029992 0.027657
14 0.093245 0.116708 0.029992 0.027653
14 0.424906 0.039288 0.029992 0.027657
14 0.425079 0.116059 0.029992 0.027653
14 0.756921 0.039288 0.029992 0.027657
14 0.757284 0.116381 0.029985 0.027657
13 0.087894 0.075986 0.025034 0.030916
13 0.420755 0.076126 0.025034 0.030916
13 0.751118 0.076409 0.025026 0.030921
2 0.026528 0.357247 0.029449 0.015199
2 0.159668 0.357247 0.029449 0.015199
2 0.359072 0.356718 0.029449 0.015199
2 0.391744 0.356973 0.029449 0.015203
2 0.491472 0.356464 0.029449 0.015199
2 0.690355 0.357098 0.029449 0.015203
2 0.723170 0.356848 0.029449 0.015203
2 0.823601 0.357098 0.029449 0.015203
0 0.023200 0.315290 0.020996 0.024350
0 0.355004 0.315290 0.020996 0.024350
0 0.686672 0.314439 0.020996 0.024350
1 0.159962 0.299221 0.029623 0.016371
1 0.391781 0.299341 0.029623 0.016371
1 0.722914 0.298981 0.029623 0.016376
4 0.159539 0.331065 0.025117 0.022211
4 0.392023 0.331065 0.025125 0.022211
4 0.723321 0.331065 0.025117 0.022211
15 0.093260 0.342774 0.028430 0.025019
15 0.425276 0.342774 0.028430 0.025019
15 0.756838 0.321245 0.028430 0.025023
6 0.765963 0.351412 0.048559 0.026148
3 0.491608 0.317852 0.018423 0.036550
3 0.823450 0.318015 0.018423 0.036550
23 0.110747 0.189750 0.212355 0.377177
23 0.442038 0.190274 0.212355 0.377177
23 0.775072 0.190798 0.212355 0.377177
