14 0.081683 0.033460 0.027790 0.025124
14 0.081639 0.115466 0.027782 0.025225
11 0.091509 0.208239 0.154583 0.135672
13 0.076973 0.072259 0.022615 0.028758
1 0.047820 0.307083 0.026817 0.013915
2 0.047805 0.367877 0.027863 0.009556
2 0.149971 0.367848 0.027863 0.009613
4 0.047820 0.340128 0.023632 0.022284
15 0.081669 0.319335 0.027863 0.024903
6 0.091539 0.356889 0.047537 0.025759
3 0.150266 0.326574 0.017794 0.037376
14 0.426822 0.033417 0.027296 0.025134
14 0.426741 0.115466 0.027451 0.025422
9 0.436368 0.208768 0.154591 0.104439
0 0.354709 0.323743 0.020028 0.021966
13 0.421773 0.072254 0.022615 0.028758
1 0.495073 0.307059 0.026279 0.013915
2 0.358424 0.367868 0.027222 0.009575
2 0.494837 0.367863 0.027863 0.009584
4 0.495102 0.340071 0.024097 0.022303
15 0.426719 0.322180 0.027333 0.024692
14 0.762267 0.033359 0.027790 0.025216
14 0.762290 0.115490 0.027790 0.025369
10 0.771622 0.208455 0.154421 0.072638
0 0.689985 0.323743 0.020028 0.021962
13 0.757026 0.072254 0.022615 0.028758
1 0.728183 0.307064 0.026257 0.013997
2 0.694009 0.367906 0.027863 0.009503
2 0.727829 0.367911 0.027863 0.009584
2 0.830680 0.367872 0.027863 0.009661
4 0.728131 0.340003 0.024097 0.022332
15 0.762304 0.322123 0.027834 0.024605
3 0.830327 0.326627 0.017735 0.037372
