14 0.311659 0.556087 0.021827 0.020313
14 0.063171 0.621881 0.021331 0.020645
14 0.311183 0.622352 0.021338 0.020645
1 0.260693 0.786724 0.019775 0.012108
15 0.063001 0.798775 0.020950 0.020068
15 0.311625 0.793843 0.020950 0.020068
3 0.113926 0.775775 0.013591 0.030613
3 0.361741 0.802601 0.013047 0.030613
9 0.070143 0.692038 0.115576 0.083780
2 0.012919 0.808941 0.021242 0.008157
2 0.114232 0.808388 0.021242 0.008181
6 0.318475 0.822923 0.035024 0.021337
23 0.064938 0.685175 0.126952 0.310057
14 0.570714 0.556506 0.021827 0.020313
14 0.825847 0.557236 0.021827 0.020313
14 0.570714 0.621761 0.021338 0.020640
14 0.825847 0.622491 0.021338 0.020640
1 0.622033 0.759591 0.019775 0.012108
1 0.775255 0.759591 0.019775 0.012108
8 0.578814 0.695788 0.117289 0.058665
10 0.833941 0.695432 0.115835 0.057915
15 0.570714 0.792579 0.020950 0.020063
15 0.825847 0.792579 0.020950 0.020063
3 0.876432 0.775717 0.013047 0.030613
6 0.578039 0.824106 0.035024 0.021337
4 0.775249 0.786715 0.018069 0.018260
2 0.622033 0.808710 0.021242 0.008157
2 0.775989 0.808710 0.021242 0.008157
2 0.877153 0.808705 0.021242 0.008157
23 0.578759 0.685540 0.119626 0.310057
23 0.828762 0.685540 0.128420 0.310057
14 0.062655 0.556563 0.022860 0.020313
13 0.059373 0.587528 0.018164 0.023202
1 0.012348 0.759341 0.020305 0.012113
4 0.012246 0.786494 0.019414 0.018260
13 0.308764 0.587206 0.018796 0.023581
12 0.318849 0.702055 0.115617 0.135268
4 0.260850 0.813872 0.018375 0.018260
2 0.260449 0.835704 0.021242 0.009392
2 0.362856 0.835310 0.021242 0.009094
23 0.313650 0.685727 0.127890 0.310062
13 0.567506 0.587302 0.018796 0.022659
13 0.822939 0.587302 0.017593 0.022659
4 0.621897 0.786277 0.019285 0.018852
