13 0.161913 0.678529 0.021195 0.029229
14 0.166677 0.638678 0.025972 0.025783
14 0.166745 0.723029 0.026169 0.025350
14 0.231206 0.857038 0.026169 0.025350
14 0.489486 0.638682 0.026169 0.025350
14 0.489792 0.723183 0.025979 0.025350
14 0.554409 0.833106 0.026176 0.025345
14 0.817174 0.638788 0.026169 0.025350
14 0.817127 0.730840 0.026169 0.025350
14 0.882098 0.856938 0.026169 0.025345
13 0.484919 0.678332 0.021467 0.029027
13 0.812180 0.686754 0.021242 0.029027
3 0.101828 0.877952 0.016261 0.038232
3 0.424977 0.853746 0.016153 0.037718
3 0.752665 0.877991 0.016153 0.038006
1 0.134303 0.857615 0.024661 0.014256
1 0.457289 0.833462 0.024966 0.013838
1 0.784930 0.857620 0.024871 0.014353
2 0.101665 0.920342 0.025992 0.009998
2 0.134249 0.920289 0.026427 0.010007
2 0.425004 0.895967 0.025986 0.009998
2 0.457283 0.895972 0.025992 0.009906
2 0.752686 0.920400 0.025979 0.009786
2 0.784862 0.920404 0.025877 0.009998
4 0.134208 0.891762 0.022459 0.022072
4 0.457480 0.867666 0.022642 0.022582
4 0.785113 0.892050 0.022642 0.022538
5 0.231165 0.897179 0.016132 0.037482
5 0.554491 0.869151 0.016214 0.038165
5 0.882077 0.897212 0.016132 0.037487
15 0.166745 0.914271 0.026081 0.024908
15 0.489724 0.914334 0.026407 0.025139
15 0.817167 0.914271 0.026013 0.024874
19 0.554620 0.929994 0.033726 0.062371
16 0.594971 0.949922 0.033889 0.038828
10 0.826579 0.783756 0.146360 0.074777
10 0.175864 0.788049 0.146326 0.074556
8 0.498469 0.775864 0.146611 0.074397
6 0.826559 0.953556 0.044571 0.025826
