8 0.148644 0.282558 0.231931 0.097408
14 0.134421 0.051730 0.045038 0.036877
14 0.134693 0.154304 0.045026 0.036870
14 0.643026 0.052384 0.045038 0.036877
14 0.642754 0.154092 0.045026 0.036870
13 0.127043 0.100944 0.037580 0.041228
13 0.635546 0.101693 0.037580 0.041222
0 0.028660 0.420976 0.031529 0.032461
0 0.537334 0.420387 0.031529 0.032467
1 0.083320 0.398411 0.044482 0.021835
1 0.591347 0.398641 0.044482 0.021835
15 0.134001 0.428353 0.042692 0.033358
6 0.149120 0.468325 0.072906 0.034858
3 0.234140 0.423617 0.027664 0.048733
4 0.083966 0.441202 0.037728 0.029609
4 0.592027 0.440985 0.037728 0.029615
15 0.642493 0.427911 0.042692 0.033358
6 0.657271 0.468671 0.072906 0.034864
3 0.742496 0.423681 0.027664 0.048733
9 0.656059 0.277847 0.230424 0.136028
23 0.162255 0.254929 0.318867 0.502903
23 0.666292 0.253699 0.318878 0.502903
2 0.033794 0.476201 0.042023 0.014580
2 0.083841 0.476688 0.042023 0.014580
2 0.542377 0.476361 0.042023 0.014580
2 0.592424 0.476201 0.042023 0.014580
2 0.742371 0.476361 0.042023 0.014580
2 0.233608 0.476361 0.042782 0.014580
