10 0.248049 0.293459 0.200519 0.103580
11 0.673994 0.292088 0.197982 0.187824
23 0.177295 0.265735 0.351141 0.528038
23 0.602180 0.266324 0.348894 0.526084
14 0.108399 0.051499 0.037502 0.036460
14 0.108562 0.161982 0.037049 0.036716
14 0.534607 0.051435 0.037049 0.036460
14 0.534697 0.162078 0.036849 0.036261
24 0.269305 0.165756 0.036133 0.035806
24 0.695540 0.165949 0.036650 0.036325
13 0.101793 0.103546 0.031050 0.040953
13 0.528581 0.103680 0.031250 0.041081
0 0.018618 0.442580 0.027607 0.030077
0 0.445569 0.442023 0.028251 0.031314
1 0.065760 0.419989 0.035545 0.021482
1 0.492122 0.419336 0.035680 0.022136
4 0.066240 0.464422 0.032491 0.031576
4 0.492611 0.464518 0.032092 0.031769
3 0.192970 0.446580 0.024871 0.052540
3 0.619468 0.446451 0.023304 0.051239
2 0.023637 0.501760 0.036849 0.014971
2 0.065497 0.501952 0.035934 0.016144
2 0.193151 0.502170 0.036351 0.015458
2 0.450362 0.501728 0.036523 0.015170
2 0.492385 0.501888 0.036324 0.015234
2 0.619731 0.501952 0.036197 0.014971
