14 0.113586 0.040570 0.029544 0.027653
14 0.113386 0.117914 0.029536 0.027653
14 0.434354 0.040191 0.029544 0.027653
14 0.434562 0.117727 0.029536 0.027657
14 0.762935 0.040753 0.029544 0.027653
14 0.762734 0.117347 0.029544 0.027653
13 0.108576 0.077875 0.024652 0.030916
13 0.430124 0.076933 0.024660 0.030916
13 0.757753 0.077562 0.024652 0.030916
11 0.445468 0.210788 0.156722 0.137806
11 0.770979 0.212802 0.156722 0.137811
2 0.047607 0.358938 0.028362 0.012031
2 0.080348 0.359092 0.028362 0.012036
2 0.178570 0.358736 0.028362 0.012036
2 0.369096 0.358842 0.028362 0.012036
2 0.401784 0.358991 0.028362 0.012036
2 0.500006 0.358636 0.028354 0.012031
2 0.697178 0.358636 0.028362 0.012031
2 0.828424 0.358587 0.028362 0.012036
4 0.080548 0.332079 0.024741 0.022211
4 0.401977 0.332180 0.024741 0.022211
4 0.828520 0.332286 0.024741 0.022211
0 0.044596 0.317587 0.023054 0.024322
0 0.366256 0.317375 0.023054 0.024326
0 0.694346 0.317375 0.023054 0.024326
3 0.178748 0.319250 0.018147 0.036550
3 0.500192 0.319433 0.018147 0.036550
1 0.080177 0.300869 0.029180 0.016376
1 0.401881 0.300634 0.029180 0.016376
1 0.828111 0.300792 0.029180 0.016376
10 0.123050 0.211490 0.152143 0.072306
23 0.138454 0.191225 0.228999 0.379576
23 0.460515 0.191672 0.228999 0.379576
23 0.788003 0.192576 0.228999 0.379576
24 0.237494 0.120990 0.027581 0.024399
24 0.558878 0.120990 0.027581 0.024399
24 0.887050 0.120803 0.027581 0.024394
