14 0.077386 0.628295 0.025999 0.025634
14 0.077345 0.711522 0.026074 0.025788
14 0.397028 0.628295 0.025476 0.025831
14 0.397042 0.711378 0.025449 0.025485
24 0.198038 0.714084 0.025150 0.025095
24 0.517864 0.714195 0.025150 0.025095
13 0.072486 0.667719 0.021174 0.029042
13 0.392374 0.667686 0.021174 0.029042
0 0.330073 0.921673 0.018572 0.021284
1 0.045454 0.904807 0.024518 0.013867
1 0.365301 0.904807 0.024518 0.013867
4 0.045774 0.938223 0.022228 0.022187
4 0.365593 0.938175 0.022126 0.022087
3 0.140875 0.924802 0.016255 0.037199
3 0.460783 0.924764 0.016261 0.037199
2 0.045441 0.966308 0.025619 0.009964
2 0.140923 0.966269 0.025965 0.009844
2 0.333553 0.966303 0.025585 0.010075
2 0.365314 0.966317 0.025530 0.009911
2 0.460756 0.966265 0.025850 0.010055
10 0.181668 0.809443 0.143804 0.073397
11 0.501440 0.808948 0.143709 0.136984
23 0.446873 0.789471 0.252538 0.389025
