8 0.145334 0.288737 0.232837 0.101824
2 0.030955 0.496032 0.043889 0.015888
14 0.633345 0.159701 0.047259 0.037107
14 0.131428 0.050424 0.046397 0.035479
1 0.233111 0.414646 0.042394 0.021745
13 0.126563 0.101272 0.040748 0.039652
4 0.233351 0.458335 0.037377 0.032294
2 0.582716 0.495833 0.042394 0.015497
7 0.646553 0.288378 0.236055 0.142123
15 0.633345 0.434372 0.045688 0.035678
1 0.583272 0.414421 0.042089 0.022200
14 0.131973 0.158984 0.046397 0.036069
2 0.233111 0.495506 0.043965 0.016278
23 0.135147 0.261948 0.264968 0.516599
15 0.131657 0.434699 0.045296 0.036460
14 0.633345 0.050488 0.047259 0.037434
3 0.734014 0.440525 0.029939 0.053841
4 0.581974 0.458136 0.039493 0.031378
2 0.531901 0.495282 0.044358 0.015561
0 0.024683 0.436263 0.033855 0.032031
13 0.626572 0.101560 0.041533 0.040888
2 0.734134 0.495705 0.045067 0.016016
0 0.526808 0.436295 0.032600 0.031833
23 0.636999 0.261121 0.264412 0.518816
