14 0.073652 0.042943 0.025435 0.022904
14 0.073593 0.116557 0.025435 0.022841
14 0.135433 0.229287 0.027834 0.024730
8 0.083154 0.162773 0.154652 0.072994
13 0.069060 0.078022 0.020606 0.025696
5 0.135411 0.265534 0.016280 0.033483
2 0.104417 0.283069 0.025331 0.009056
15 0.073571 0.344959 0.025265 0.022485
6 0.082438 0.379019 0.042873 0.023408
3 0.104653 0.245961 0.016272 0.033469
21 0.135389 0.331726 0.036295 0.061352
1 0.042843 0.228412 0.024334 0.013098
2 0.042843 0.283131 0.025294 0.009128
4 0.043101 0.258199 0.021595 0.019832
