1 0.836274 0.307064 0.024321 0.013997
14 0.143903 0.033378 0.025286 0.025249
13 0.453740 0.072139 0.020842 0.028470
13 0.139119 0.072293 0.020842 0.028652
14 0.458565 0.115437 0.025619 0.025182
14 0.143835 0.115490 0.025367 0.025269
9 0.152595 0.208700 0.142459 0.104376
10 0.467698 0.212377 0.142534 0.072614
0 0.077397 0.323757 0.018450 0.021966
2 0.081100 0.367872 0.025687 0.009565
1 0.521592 0.307068 0.024695 0.013915
6 0.152887 0.356913 0.043164 0.025725
4 0.521565 0.340090 0.021806 0.022168
4 0.836315 0.340095 0.022214 0.022250
2 0.206577 0.367853 0.025612 0.009512
2 0.521565 0.367868 0.025687 0.009484
7 0.782053 0.208763 0.142439 0.104251
2 0.836274 0.367868 0.025197 0.009484
4 0.206897 0.340119 0.022214 0.022207
6 0.467351 0.356899 0.043164 0.025658
14 0.773260 0.033393 0.025157 0.025211
0 0.706889 0.323791 0.018348 0.021851
1 0.206863 0.307054 0.024260 0.014016
15 0.458565 0.319186 0.025646 0.024523
13 0.768660 0.072235 0.020794 0.028758
2 0.710566 0.367906 0.025639 0.009503
15 0.143903 0.319229 0.025089 0.024692
0 0.392146 0.323594 0.018830 0.021664
2 0.395612 0.367839 0.025673 0.009536
14 0.458660 0.033518 0.025612 0.024946
14 0.773294 0.115399 0.025293 0.025259
15 0.773267 0.341960 0.025150 0.025081
