7 0.151392 0.276706 0.237965 0.140264
8 0.655042 0.281545 0.232689 0.097408
14 0.138101 0.051512 0.045173 0.036870
14 0.138919 0.154957 0.045173 0.036870
14 0.640204 0.051730 0.045185 0.036877
14 0.640477 0.155611 0.045185 0.036870
13 0.130721 0.101129 0.037703 0.041222
13 0.632416 0.101315 0.037715 0.041222
0 0.032836 0.419899 0.031632 0.032461
0 0.534951 0.420387 0.031632 0.032467
1 0.238669 0.398475 0.044628 0.021835
1 0.740989 0.398962 0.044628 0.021829
4 0.239340 0.440985 0.037840 0.029615
4 0.740352 0.441420 0.037840 0.029615
15 0.138885 0.418669 0.042831 0.033364
15 0.640500 0.457032 0.042831 0.033358
23 0.164240 0.255089 0.319920 0.502903
23 0.666844 0.253000 0.319920 0.502903
2 0.037919 0.476265 0.042160 0.014580
2 0.238555 0.476265 0.042160 0.014580
2 0.540022 0.476265 0.042160 0.014580
2 0.740261 0.476265 0.042160 0.014580
