14 0.276625 0.056757 0.027782 0.025230
14 0.276573 0.138807 0.027900 0.025216
14 0.344949 0.297075 0.027900 0.025187
7 0.285920 0.219385 0.154642 0.104294
0 0.204305 0.314845 0.019998 0.021870
13 0.271266 0.095571 0.022615 0.028585
1 0.242429 0.297743 0.026374 0.013915
2 0.208248 0.358816 0.027863 0.010003
2 0.242164 0.358792 0.027863 0.009955
2 0.344956 0.386368 0.027863 0.009584
4 0.242444 0.331236 0.024097 0.022293
15 0.276632 0.353125 0.027768 0.025095
6 0.286141 0.385210 0.046992 0.025759
3 0.344632 0.345103 0.017691 0.037425
23 0.279005 0.215910 0.169230 0.385339
