14 0.091234 0.560904 0.021827 0.020313
13 0.086838 0.590229 0.016064 0.022659
14 0.091234 0.626149 0.021338 0.020640
11 0.097500 0.691039 0.115101 0.104828
1 0.040649 0.759581 0.019775 0.012113
1 0.141085 0.552838 0.019781 0.012108
4 0.141092 0.581433 0.018069 0.018260
4 0.039915 0.785975 0.018069 0.018260
15 0.091234 0.799904 0.020950 0.020063
3 0.141085 0.774982 0.013054 0.030613
2 0.141085 0.808705 0.021242 0.008157
23 0.091968 0.684074 0.129154 0.310057
2 0.039181 0.808268 0.021242 0.008753
2 0.142098 0.602611 0.021242 0.010200
