14 0.135356 0.035784 0.027324 0.027653
14 0.135811 0.120453 0.027324 0.027653
14 0.438186 0.035828 0.027324 0.027648
14 0.438322 0.120030 0.027324 0.027648
14 0.781110 0.071988 0.027324 0.027653
14 0.781110 0.156296 0.027324 0.027653
13 0.130844 0.076175 0.023172 0.031998
13 0.433504 0.076607 0.023179 0.031998
13 0.776224 0.112537 0.023172 0.031998
10 0.144822 0.207002 0.147522 0.075306
8 0.447482 0.173312 0.147542 0.075652
8 0.790664 0.209006 0.147542 0.075652
3 0.071071 0.296045 0.016785 0.038828
3 0.373705 0.255520 0.016785 0.038823
1 0.103349 0.275737 0.025755 0.014704
4 0.103145 0.310022 0.022962 0.023086
2 0.070847 0.338401 0.026359 0.010935
2 0.103540 0.338401 0.026359 0.010935
15 0.135512 0.371773 0.026509 0.025696
5 0.200340 0.286878 0.016588 0.038237
21 0.200340 0.357584 0.034860 0.062693
1 0.405956 0.235322 0.025755 0.014704
4 0.406146 0.269200 0.022962 0.023086
2 0.373684 0.298174 0.026359 0.010930
2 0.406132 0.297756 0.026359 0.010930
5 0.503164 0.246378 0.016588 0.038237
15 0.438336 0.371869 0.026509 0.025696
2 0.543617 0.382905 0.026359 0.010930
19 0.503218 0.317521 0.034643 0.063433
16 0.543801 0.337117 0.035139 0.039847
3 0.716601 0.295987 0.016785 0.038828
1 0.748703 0.275583 0.025755 0.014704
5 0.845952 0.287196 0.016588 0.038232
2 0.716751 0.338338 0.026359 0.010935
2 0.748798 0.338338 0.026366 0.010935
15 0.781028 0.371475 0.026516 0.025696
21 0.846461 0.357651 0.034860 0.062693
1 0.716153 0.046686 0.025755 0.014704
4 0.716655 0.080616 0.022962 0.023081
2 0.716615 0.108937 0.026359 0.010935
4 0.748900 0.309878 0.022962 0.023081
