3 0.715241 0.356187 0.020975 0.043426
14 0.104496 0.064321 0.031069 0.030936
13 0.100628 0.106402 0.027236 0.037325
14 0.104161 0.151917 0.030806 0.029487
7 0.114291 0.223793 0.157237 0.115949
5 0.172297 0.313280 0.021301 0.044022
21 0.172097 0.386757 0.041470 0.070991
15 0.104397 0.381656 0.030326 0.032448
2 0.070927 0.366960 0.029999 0.014708
1 0.071072 0.302115 0.029465 0.019983
3 0.037566 0.322746 0.020957 0.042959
2 0.037177 0.366524 0.030235 0.014253
4 0.071344 0.337050 0.029827 0.028359
23 0.112977 0.234842 0.200220 0.435001
14 0.444620 0.065257 0.032373 0.032230
13 0.440425 0.106568 0.026122 0.037697
14 0.444910 0.152180 0.030887 0.031705
8 0.454524 0.228881 0.157355 0.082969
5 0.511877 0.317202 0.021945 0.045484
21 0.512602 0.391250 0.040256 0.071170
6 0.455103 0.420583 0.054563 0.034243
15 0.444566 0.382059 0.031313 0.032685
2 0.410725 0.370600 0.030498 0.015753
2 0.377273 0.370658 0.030634 0.016407
4 0.410698 0.341325 0.029710 0.027744
1 0.411078 0.305865 0.030616 0.020528
23 0.449241 0.233912 0.187445 0.432963
14 0.782615 0.065180 0.030570 0.030295
13 0.777885 0.106344 0.025161 0.037370
14 0.783032 0.151725 0.030887 0.029949
11 0.791938 0.240898 0.156874 0.149326
5 0.849844 0.346253 0.021120 0.045535
22 0.850506 0.410149 0.040011 0.068632
6 0.792011 0.420750 0.051518 0.032416
15 0.782434 0.382091 0.029646 0.030211
4 0.748339 0.370113 0.028695 0.027404
2 0.748574 0.400337 0.029211 0.014753
2 0.715005 0.400421 0.030135 0.014555
1 0.749136 0.334961 0.031195 0.019297
23 0.791594 0.235925 0.196215 0.435001
3 0.377310 0.326597 0.020114 0.043426
