14 0.142254 0.050257 0.038933 0.037761
14 0.142680 0.164258 0.037955 0.037498
5 0.142580 0.112532 0.025388 0.052021
8 0.153679 0.283661 0.196677 0.101696
3 0.226435 0.440819 0.024735 0.052867
2 0.226526 0.495538 0.036523 0.016208
6 0.154431 0.480862 0.061458 0.038799
15 0.142517 0.430405 0.036849 0.035806
1 0.100784 0.414357 0.035545 0.021809
2 0.101010 0.495218 0.037565 0.015689
2 0.058525 0.495378 0.035680 0.015625
0 0.054231 0.436391 0.027861 0.032160
23 0.145778 0.257225 0.219528 0.508203
14 0.564258 0.040074 0.036722 0.036133
13 0.557879 0.090627 0.032292 0.041145
12 0.575067 0.279592 0.195572 0.226239
0 0.476135 0.438249 0.027798 0.031967
2 0.479886 0.496878 0.037112 0.016278
2 0.521809 0.496878 0.036324 0.015753
4 0.522099 0.460091 0.033787 0.031378
1 0.522498 0.415786 0.035218 0.020771
15 0.564095 0.485419 0.037565 0.036460
6 0.575846 0.529037 0.061195 0.037242
2 0.648276 0.497198 0.036786 0.016407
23 0.567810 0.282745 0.221422 0.560288
14 0.563968 0.148274 0.037955 0.036261
3 0.647869 0.442479 0.025650 0.051495
4 0.101355 0.458694 0.031966 0.031705
