7 0.151812 0.740428 0.231270 0.146096
12 0.652498 0.730372 0.234445 0.232488
24 0.327792 0.562339 0.043202 0.036652
24 0.828552 0.604099 0.043054 0.036588
23 0.176892 0.706179 0.348608 0.535998
23 0.677515 0.706179 0.348598 0.535998
14 0.137800 0.600279 0.040027 0.034121
14 0.137232 0.487144 0.043811 0.036787
14 0.638370 0.487240 0.043811 0.036851
14 0.638707 0.600228 0.043275 0.037306
13 0.130358 0.540888 0.035654 0.040498
13 0.631307 0.541016 0.036180 0.040626
3 0.738554 0.898342 0.028475 0.052931
1 0.538029 0.871713 0.042371 0.021681
1 0.037806 0.863151 0.041162 0.022008
2 0.738712 0.954881 0.043885 0.016016
2 0.538176 0.955016 0.044484 0.016798
2 0.037543 0.946319 0.043054 0.015170
4 0.538366 0.916473 0.038671 0.033852
4 0.037648 0.908173 0.038598 0.032358
