14 0.107380 0.430865 0.038824 0.036005
13 0.100974 0.477322 0.029510 0.040318
14 0.105939 0.528106 0.034874 0.034102
8 0.117356 0.590029 0.195264 0.102792
14 0.182428 0.678714 0.037792 0.038447
5 0.182247 0.726121 0.023304 0.050700
21 0.182084 0.814531 0.047586 0.086949
2 0.143015 0.749205 0.033243 0.014484
3 0.144030 0.700331 0.022352 0.047643
15 0.105169 0.832347 0.033162 0.033038
6 0.117691 0.877453 0.056846 0.036095
2 0.068193 0.750359 0.034059 0.014901
4 0.068356 0.716802 0.027997 0.029160
1 0.068972 0.677259 0.032600 0.020521
0 0.027430 0.697614 0.026339 0.032448
2 0.030710 0.750308 0.032817 0.014875
23 0.109002 0.645824 0.213050 0.529410
