14 0.168165 0.463562 0.025877 0.025067
14 0.168226 0.547875 0.025877 0.025591
14 0.490981 0.463298 0.025877 0.025595
14 0.490961 0.547866 0.025877 0.025595
14 0.813634 0.463451 0.025877 0.025047
14 0.813729 0.547870 0.025877 0.025591
13 0.163327 0.503404 0.021188 0.028547
13 0.486020 0.503246 0.021263 0.028177
13 0.808816 0.503717 0.021147 0.029027
3 0.555619 0.765121 0.016594 0.038213
3 0.232687 0.765097 0.016261 0.038232
1 0.749247 0.744919 0.024844 0.014261
1 0.426268 0.744899 0.024708 0.014406
1 0.103221 0.744798 0.025000 0.014305
2 0.749234 0.807641 0.026047 0.009911
2 0.555626 0.807568 0.026543 0.009959
2 0.426234 0.807559 0.026631 0.009979
2 0.232660 0.807612 0.026176 0.009757
2 0.103255 0.807568 0.026108 0.009998
4 0.748935 0.779036 0.022540 0.022072
4 0.426234 0.779007 0.022629 0.022072
4 0.103513 0.778959 0.022561 0.021870
7 0.177040 0.652607 0.146074 0.107049
11 0.500134 0.649060 0.146203 0.139349
11 0.822937 0.649151 0.146203 0.139349
23 0.842725 0.627406 0.212995 0.395673
23 0.519753 0.627319 0.213722 0.395846
23 0.196876 0.627416 0.213478 0.395457
24 0.290700 0.519574 0.025700 0.025317
24 0.613747 0.519502 0.025693 0.025312
24 0.936529 0.519516 0.025394 0.025321
