14 0.089570 0.040753 0.029992 0.027653
14 0.089366 0.117347 0.029985 0.027653
14 0.422310 0.040378 0.029992 0.027653
14 0.422521 0.117914 0.029985 0.027653
13 0.084347 0.077562 0.025034 0.030916
13 0.417887 0.077668 0.025026 0.030916
12 0.098981 0.208543 0.156461 0.159605
12 0.432053 0.207971 0.156453 0.159605
2 0.022830 0.358789 0.028792 0.012031
2 0.156121 0.364817 0.028792 0.012031
2 0.355887 0.365019 0.028785 0.012036
2 0.389517 0.365067 0.028792 0.012031
2 0.488785 0.365422 0.028792 0.012036
4 0.389434 0.338481 0.025125 0.022207
0 0.019743 0.323672 0.023404 0.024322
0 0.352468 0.323254 0.023411 0.024322
3 0.155879 0.325422 0.018423 0.036550
3 0.488800 0.325330 0.018430 0.036555
1 0.389276 0.306407 0.029623 0.016371
23 0.448204 0.193479 0.232476 0.379576
24 0.215570 0.120990 0.028000 0.024399
24 0.548936 0.120990 0.028000 0.024399
