14 0.138963 0.024745 0.025306 0.024942
14 0.138983 0.107025 0.025259 0.025115
12 0.147872 0.205465 0.142547 0.167386
0 0.072572 0.324434 0.018524 0.021635
13 0.134342 0.063900 0.020848 0.028758
1 0.107507 0.307443 0.024728 0.013915
2 0.076214 0.368583 0.025687 0.010003
2 0.107453 0.368507 0.025687 0.010055
2 0.170467 0.368516 0.025687 0.010036
4 0.107514 0.340787 0.021779 0.021846
15 0.138963 0.360427 0.025197 0.025047
6 0.148015 0.392458 0.043226 0.025754
3 0.170480 0.327016 0.015874 0.037376
5 0.201943 0.318239 0.016526 0.037453
21 0.201929 0.387055 0.033053 0.060847
14 0.453706 0.024712 0.025619 0.024942
14 0.453652 0.106775 0.025612 0.024942
25 0.462771 0.221101 0.142527 0.198620
0 0.387301 0.355745 0.018762 0.021615
13 0.448766 0.063732 0.020848 0.028489
1 0.422196 0.338715 0.024260 0.013978
2 0.390651 0.399812 0.025687 0.010142
2 0.422434 0.399812 0.025687 0.010046
2 0.485223 0.399779 0.025354 0.010108
4 0.422182 0.372174 0.022214 0.022250
15 0.453686 0.391920 0.025734 0.024562
6 0.462452 0.423778 0.043164 0.025759
3 0.485128 0.358754 0.016458 0.037473
5 0.516645 0.349775 0.015922 0.036776
21 0.516645 0.418563 0.033406 0.061314
14 0.772023 0.024736 0.025619 0.024865
14 0.772030 0.107016 0.025761 0.025129
12 0.780640 0.205480 0.142425 0.167358
0 0.705415 0.324420 0.018463 0.021375
13 0.767090 0.063775 0.020848 0.028604
1 0.740302 0.307501 0.024661 0.013915
2 0.709016 0.368516 0.025687 0.010036
2 0.740296 0.368521 0.025687 0.010027
2 0.803350 0.368559 0.025687 0.009955
4 0.740581 0.340777 0.022214 0.021865
15 0.772071 0.360475 0.025585 0.025148
6 0.780837 0.392439 0.043164 0.025754
3 0.803255 0.327035 0.015949 0.037338
5 0.834820 0.318248 0.016391 0.037425
22 0.835024 0.387094 0.033563 0.060770
