14 0.132129 0.079859 0.034901 0.034095
13 0.128260 0.122106 0.028124 0.035749
14 0.131295 0.167840 0.032102 0.032602
1 0.199839 0.072021 0.028323 0.019259
4 0.199231 0.107347 0.028233 0.027231
2 0.199503 0.137186 0.030036 0.017253
7 0.140854 0.254725 0.158523 0.120172
3 0.199213 0.366771 0.020558 0.045445
2 0.199087 0.410985 0.031195 0.015452
15 0.131631 0.397674 0.030797 0.029654
2 0.064936 0.411607 0.030733 0.015253
4 0.064438 0.382158 0.028423 0.028468
1 0.064691 0.345852 0.028785 0.018541
23 0.135146 0.244105 0.178710 0.421151
14 0.469209 0.080353 0.034702 0.035460
13 0.465602 0.120587 0.024808 0.035813
14 0.469190 0.167654 0.033461 0.030910
2 0.537027 0.137238 0.032256 0.017253
4 0.538621 0.107744 0.027182 0.027167
1 0.537770 0.071021 0.031123 0.019528
11 0.481150 0.251918 0.159701 0.147590
3 0.537915 0.366732 0.021682 0.045894
2 0.538014 0.411504 0.030733 0.013824
15 0.470695 0.397777 0.031259 0.030762
4 0.402260 0.381928 0.027055 0.028724
2 0.402287 0.411017 0.031123 0.012907
1 0.403221 0.345801 0.031186 0.021463
23 0.476394 0.245246 0.184319 0.423830
