14 0.077311 0.557236 0.021827 0.020313
14 0.329509 0.556506 0.021827 0.020313
14 0.078045 0.622491 0.021338 0.020640
14 0.329509 0.622491 0.021338 0.020640
1 0.027453 0.759591 0.019775 0.012108
1 0.278191 0.759591 0.019775 0.012108
11 0.085038 0.689198 0.116568 0.108505
7 0.336502 0.692500 0.116575 0.082847
15 0.078045 0.792579 0.020950 0.020063
15 0.329509 0.792579 0.020950 0.020063
3 0.380095 0.774987 0.013047 0.030613
4 0.027453 0.785979 0.018069 0.018260
2 0.027447 0.808705 0.021242 0.008157
2 0.278918 0.808710 0.021242 0.008157
23 0.080594 0.684809 0.129140 0.310057
23 0.331711 0.684804 0.129154 0.310057
14 0.583909 0.557236 0.021827 0.020313
14 0.836834 0.560173 0.021827 0.020313
14 0.583902 0.622486 0.021338 0.020645
14 0.836834 0.626149 0.021338 0.020640
7 0.844568 0.692500 0.115101 0.084313
1 0.532584 0.759581 0.019775 0.012113
1 0.786983 0.759581 0.019775 0.012113
1 0.888153 0.553569 0.019775 0.012108
4 0.533317 0.786710 0.018069 0.018260
4 0.786983 0.786710 0.018069 0.018260
6 0.591235 0.823365 0.035024 0.021337
15 0.583169 0.798438 0.020950 0.020068
15 0.836834 0.798438 0.020950 0.020068
3 0.634487 0.774982 0.013047 0.030613
3 0.888153 0.774982 0.013047 0.030613
2 0.634487 0.808705 0.021242 0.008157
2 0.888153 0.808705 0.021242 0.008157
2 0.533317 0.808700 0.021242 0.008157
23 0.585010 0.684800 0.126952 0.310057
23 0.839383 0.684800 0.127686 0.310057
13 0.074070 0.587302 0.016690 0.022659
13 0.325534 0.587302 0.016690 0.022659
3 0.128658 0.775717 0.014563 0.030613
6 0.084929 0.824106 0.035608 0.021337
6 0.336964 0.823639 0.036233 0.022274
4 0.278619 0.785979 0.018667 0.018260
2 0.379972 0.808710 0.022472 0.008157
13 0.579778 0.587297 0.016982 0.022659
13 0.833301 0.590229 0.017281 0.022659
8 0.591065 0.695797 0.113966 0.058646
4 0.887875 0.580697 0.018973 0.018260
2 0.786976 0.808441 0.021242 0.009099
2 0.888534 0.602616 0.021242 0.010200
2 0.128216 0.808710 0.021888 0.008157
