14 0.683750 0.416464 0.038864 0.037505
13 0.677680 0.468517 0.030101 0.041882
14 0.683204 0.525562 0.039752 0.037767
8 0.696150 0.609390 0.196735 0.100959
5 0.769797 0.709599 0.025262 0.053815
3 0.726713 0.720814 0.025141 0.053764
4 0.641259 0.738624 0.031156 0.031705
1 0.640371 0.695204 0.038873 0.024366
0 0.593577 0.715719 0.027455 0.032435
2 0.598018 0.776225 0.036810 0.014869
2 0.641120 0.776642 0.036884 0.015189
2 0.726510 0.775975 0.036588 0.014317
21 0.769501 0.801469 0.047821 0.083975
6 0.696131 0.853984 0.062469 0.036973
15 0.683251 0.809308 0.037902 0.036088
23 0.688627 0.628001 0.224504 0.521091
