14 0.138971 0.051730 0.045333 0.036877
14 0.139518 0.154522 0.045322 0.036877
14 0.637268 0.052595 0.045333 0.036877
14 0.637268 0.155175 0.045333 0.036877
13 0.132012 0.101315 0.037838 0.041222
13 0.629933 0.101129 0.037827 0.041222
0 0.032563 0.419579 0.031735 0.032467
0 0.531019 0.420553 0.031735 0.032467
1 0.088151 0.398314 0.044774 0.021835
1 0.737527 0.398154 0.044774 0.021829
4 0.088732 0.441638 0.037964 0.029615
4 0.737196 0.441202 0.037964 0.029609
15 0.138640 0.428468 0.042972 0.033358
15 0.636788 0.428609 0.042972 0.033364
6 0.153515 0.468671 0.073384 0.034864
3 0.239835 0.423822 0.027857 0.048739
10 0.153401 0.282744 0.232916 0.095998
10 0.652029 0.282532 0.232916 0.095998
23 0.664919 0.253699 0.320969 0.502903
23 0.163302 0.253699 0.320958 0.502903
2 0.038243 0.476201 0.042299 0.014580
2 0.088618 0.476201 0.042299 0.014580
2 0.239549 0.476361 0.042299 0.014580
2 0.536723 0.476265 0.042299 0.014580
2 0.737824 0.476265 0.042299 0.014580
