14 0.215761 0.281867 0.039203 0.035467
1 0.586106 0.305926 0.039408 0.021745
8 0.130949 0.206416 0.220994 0.099286
8 0.648927 0.216990 0.220994 0.099869
14 0.732573 0.305093 0.039203 0.035473
15 0.634959 0.434020 0.041250 0.037043
5 0.732685 0.358594 0.028161 0.054168
3 0.537458 0.332651 0.027128 0.052412
23 0.664983 0.256257 0.291254 0.512176
21 0.732245 0.452862 0.053754 0.086455
19 0.215812 0.408609 0.053826 0.084872
16 0.277098 0.435026 0.054634 0.052867
14 0.634437 0.033883 0.040103 0.036774
13 0.538021 0.024481 0.038671 0.022264
23 0.177806 0.261000 0.351394 0.500653
4 0.069673 0.328517 0.036696 0.033204
2 0.020994 0.366535 0.039193 0.015106
2 0.069857 0.366503 0.040441 0.015170
2 0.275952 0.495929 0.041475 0.016208
1 0.069489 0.282944 0.039408 0.021354
3 0.020923 0.309964 0.027425 0.053258
13 0.112100 0.082129 0.033309 0.041081
14 0.118536 0.140693 0.041035 0.036710
4 0.537683 0.070055 0.035069 0.031769
2 0.537581 0.108136 0.040564 0.015753
2 0.586413 0.389485 0.040564 0.016343
2 0.537591 0.389190 0.040564 0.015625
13 0.627724 0.087955 0.031948 0.039434
14 0.118864 0.029339 0.039203 0.034704
14 0.635082 0.145615 0.039203 0.034704
15 0.118945 0.464193 0.038804 0.035287
4 0.586434 0.351576 0.035519 0.031480
5 0.216098 0.327473 0.027056 0.052604
