8 0.155662 0.281545 0.231178 0.097408
11 0.650563 0.280757 0.238137 0.183748
14 0.139226 0.052384 0.044891 0.036877
14 0.139486 0.154746 0.044891 0.036870
14 0.636171 0.052384 0.044891 0.036877
14 0.636714 0.155175 0.044880 0.036877
13 0.133013 0.101501 0.037470 0.041222
13 0.627484 0.101879 0.037458 0.041228
0 0.034600 0.420387 0.031426 0.032467
0 0.531026 0.419252 0.031426 0.032467
1 0.089647 0.399122 0.044338 0.021829
1 0.585270 0.398641 0.044338 0.021835
4 0.090008 0.441420 0.037605 0.029615
4 0.585880 0.441420 0.037594 0.029615
15 0.139779 0.457032 0.042553 0.033358
15 0.636047 0.428327 0.042553 0.033364
6 0.649704 0.468549 0.072680 0.034864
3 0.239062 0.423802 0.027574 0.048733
3 0.735748 0.424020 0.027574 0.048733
23 0.164868 0.253699 0.317843 0.502903
23 0.663339 0.254397 0.317843 0.502903
2 0.039649 0.476426 0.041887 0.014580
2 0.089737 0.476426 0.041887 0.014580
2 0.238983 0.476426 0.041887 0.014580
2 0.535872 0.476265 0.041887 0.014580
2 0.586174 0.476265 0.041887 0.014580
2 0.735420 0.476265 0.041887 0.014580
