14 0.146239 0.421917 0.026938 0.025307
14 0.146302 0.505221 0.026609 0.025398
13 0.141416 0.461360 0.021387 0.028258
0 0.076962 0.662307 0.019321 0.022260
1 0.113673 0.645239 0.025258 0.014305
4 0.113519 0.678981 0.022759 0.022014
3 0.178834 0.665196 0.016878 0.037910
2 0.179177 0.706956 0.026357 0.009911
2 0.113477 0.707042 0.026763 0.009911
2 0.080687 0.706956 0.026749 0.010017
7 0.155263 0.572663 0.147942 0.105395
5 0.211792 0.656116 0.016241 0.037372
15 0.146260 0.721597 0.026686 0.025374
15 0.244590 0.723024 0.026210 0.024562
6 0.155382 0.753955 0.044565 0.025586
21 0.211757 0.725851 0.034428 0.061092
23 0.162474 0.582839 0.190547 0.388723
