14 0.135967 0.638831 0.026033 0.025365
14 0.136008 0.723077 0.025924 0.025350
14 0.200945 0.836009 0.025924 0.025350
14 0.459646 0.638605 0.025924 0.025345
14 0.459707 0.723082 0.026094 0.025350
14 0.524610 0.894444 0.021093 0.020683
14 0.783420 0.638716 0.026026 0.025591
14 0.783448 0.723068 0.025877 0.025591
14 0.848113 0.894516 0.021643 0.020736
13 0.131041 0.678270 0.021154 0.028806
13 0.454720 0.678371 0.021263 0.028614
13 0.778487 0.678544 0.021467 0.029027
3 0.071520 0.856918 0.016261 0.038232
3 0.395022 0.918313 0.016594 0.038468
3 0.718531 0.918338 0.016159 0.038242
1 0.103743 0.836605 0.024939 0.014285
1 0.427497 0.898140 0.024783 0.014256
1 0.751047 0.898183 0.024756 0.014381
2 0.071472 0.899428 0.025999 0.009931
2 0.395069 0.960934 0.026563 0.009998
2 0.427416 0.960934 0.026223 0.009998
2 0.718415 0.960910 0.026060 0.010113
2 0.751190 0.960900 0.025986 0.009993
4 0.103737 0.871064 0.022506 0.022524
4 0.427674 0.932354 0.022459 0.022072
4 0.750959 0.932421 0.022595 0.022072
5 0.200884 0.876193 0.016132 0.037487
5 0.524644 0.921644 0.013502 0.031027
5 0.848140 0.921611 0.013781 0.030801
15 0.135933 0.914305 0.025972 0.024903
15 0.459612 0.914290 0.026081 0.024903
15 0.783509 0.914603 0.025952 0.025480
22 0.524373 0.969966 0.027630 0.050306
16 0.249220 0.953460 0.030865 0.034271
17 0.200755 0.935214 0.061356 0.059386
21 0.848208 0.969961 0.027705 0.050508
8 0.145209 0.779200 0.145911 0.074402
11 0.469092 0.808097 0.146536 0.139503
11 0.792771 0.808400 0.146203 0.139349
2 0.103696 0.899414 0.026101 0.009959
