14 0.301060 0.049578 0.037859 0.036396
14 0.302042 0.159342 0.037730 0.036133
9 0.313260 0.283693 0.197096 0.142776
0 0.211875 0.436359 0.028229 0.031576
13 0.295552 0.101727 0.031065 0.040562
1 0.386838 0.414614 0.035683 0.021162
2 0.216686 0.495865 0.036151 0.015689
2 0.386214 0.495378 0.036280 0.016016
4 0.387206 0.458495 0.032323 0.031314
15 0.301546 0.434795 0.037271 0.036787
14 0.719433 0.049193 0.037794 0.037159
14 0.719460 0.159830 0.037207 0.037633
10 0.730742 0.282976 0.194856 0.100978
0 0.629752 0.435577 0.027577 0.031833
13 0.713557 0.101855 0.032654 0.041600
1 0.677177 0.414158 0.035619 0.021547
2 0.634269 0.495609 0.037005 0.016208
2 0.676552 0.495282 0.037271 0.015689
2 0.804486 0.495410 0.036280 0.015439
4 0.676910 0.458886 0.031928 0.032358
15 0.719818 0.435026 0.037271 0.035934
3 0.804523 0.440563 0.025925 0.053386
23 0.723252 0.262499 0.217219 0.517451
23 0.306311 0.262756 0.220450 0.519277
