8 0.143001 0.780493 0.146747 0.076027
2 0.069012 0.909450 0.026339 0.010262
2 0.101576 0.909416 0.026339 0.010262
14 0.198234 0.846411 0.026033 0.026028
15 0.134173 0.942986 0.025775 0.025062
4 0.101746 0.880903 0.022982 0.022625
5 0.198451 0.886513 0.016628 0.038102
1 0.101487 0.846723 0.024756 0.013757
3 0.069114 0.866762 0.016554 0.038347
21 0.198465 0.956536 0.034772 0.062953
14 0.133895 0.642874 0.026033 0.026033
14 0.133935 0.727101 0.026033 0.026028
13 0.129213 0.683442 0.021208 0.029575
