14 0.109933 0.638663 0.025938 0.025605
14 0.110110 0.723077 0.025877 0.025591
14 0.174619 0.861715 0.021079 0.020789
13 0.105129 0.678404 0.021487 0.029032
3 0.045118 0.886229 0.016112 0.038088
1 0.077437 0.865902 0.024796 0.014256
2 0.045084 0.928667 0.025986 0.009854
2 0.077335 0.928638 0.026088 0.009906
4 0.077634 0.900173 0.022656 0.022120
5 0.174496 0.889012 0.013210 0.030767
15 0.110110 0.943476 0.025870 0.024672
17 0.175026 0.952532 0.060792 0.059381
7 0.119270 0.792192 0.146074 0.107053
6 0.119114 0.979276 0.044191 0.026018
