23 0.167937 0.270738 0.319150 0.540818
23 0.655656 0.273756 0.319150 0.540818
14 0.132066 0.054625 0.048022 0.038799
14 0.133325 0.167190 0.044448 0.037761
14 0.233588 0.314093 0.045135 0.037043
14 0.643156 0.054881 0.047419 0.039062
14 0.641676 0.176758 0.047641 0.038152
14 0.744034 0.345702 0.045209 0.037633
13 0.124960 0.106773 0.039742 0.043228
13 0.635415 0.118687 0.039974 0.044920
3 0.032490 0.341209 0.028955 0.053123
3 0.542290 0.373600 0.030774 0.054885
1 0.082405 0.314452 0.042026 0.021354
1 0.593051 0.346682 0.043538 0.023309
2 0.032522 0.397492 0.043158 0.016599
2 0.083166 0.397883 0.043845 0.016208
2 0.294872 0.529527 0.047039 0.017644
2 0.541719 0.430042 0.045442 0.017124
2 0.592025 0.430010 0.043612 0.016407
4 0.082902 0.360090 0.039361 0.033723
4 0.592247 0.392320 0.041032 0.034505
5 0.233779 0.362141 0.030922 0.053841
5 0.743272 0.399350 0.030922 0.053649
15 0.133282 0.422493 0.046499 0.037825
15 0.642744 0.421878 0.045061 0.038024
22 0.743811 0.494041 0.059951 0.087955
19 0.233705 0.442770 0.058735 0.088545
16 0.297188 0.469925 0.058058 0.055469
10 0.657560 0.249120 0.235182 0.106573
8 0.146575 0.237565 0.234347 0.104170
6 0.657147 0.474347 0.075687 0.040235
