14 0.199674 0.033566 0.025619 0.024942
14 0.199708 0.115413 0.025585 0.025230
13 0.194945 0.071947 0.020848 0.028268
10 0.208495 0.212353 0.142873 0.072753
3 0.262770 0.326588 0.015867 0.037256
15 0.199708 0.319277 0.025687 0.024538
1 0.168266 0.307073 0.024103 0.013915
6 0.208549 0.356880 0.043273 0.025759
2 0.262770 0.367892 0.025687 0.009431
2 0.168259 0.367892 0.025197 0.009431
2 0.136769 0.367834 0.025687 0.009546
0 0.133106 0.323670 0.018361 0.021659
4 0.168259 0.340056 0.022214 0.022231
0 0.448060 0.323618 0.018524 0.021966
2 0.451451 0.367872 0.025231 0.009570
6 0.523231 0.356928 0.043674 0.025691
15 0.514207 0.322166 0.025585 0.024692
2 0.577180 0.367843 0.025687 0.009628
4 0.577404 0.340066 0.022214 0.022221
1 0.577377 0.307092 0.024246 0.013838
7 0.523312 0.208691 0.142629 0.104294
14 0.514200 0.115461 0.025755 0.025139
13 0.509803 0.072057 0.020848 0.028758
14 0.514281 0.033431 0.025619 0.025163
2 0.766126 0.367872 0.025687 0.009570
0 0.762769 0.323661 0.018796 0.021817
15 0.829181 0.319205 0.025625 0.024576
6 0.837947 0.356841 0.043171 0.025759
2 0.892181 0.367853 0.025687 0.009512
4 0.892133 0.340095 0.021772 0.022250
1 0.892133 0.307064 0.024620 0.013901
8 0.838280 0.212377 0.142772 0.072700
14 0.829160 0.115480 0.025619 0.025293
13 0.824274 0.072211 0.020848 0.028758
14 0.829099 0.033561 0.025612 0.024740
