6 0.567999 0.508852 0.062047 0.037633
23 0.116720 0.272993 0.230238 0.535787
23 0.565543 0.274685 0.242877 0.539170
2 0.033725 0.484537 0.037628 0.015823
2 0.077606 0.484537 0.037502 0.015298
14 0.119855 0.054817 0.037502 0.036588
14 0.119991 0.166991 0.036849 0.036325
14 0.206347 0.395736 0.030924 0.029750
14 0.555794 0.054817 0.037366 0.036325
14 0.555504 0.166927 0.036786 0.035934
14 0.641344 0.351983 0.030987 0.029750
13 0.113277 0.107453 0.031513 0.042125
13 0.548763 0.107325 0.031775 0.041863
3 0.033435 0.427569 0.024020 0.053322
3 0.469112 0.384732 0.024155 0.053059
1 0.076953 0.400651 0.035680 0.022008
1 0.512276 0.357815 0.035608 0.021617
2 0.468949 0.441245 0.036586 0.015170
2 0.512077 0.441341 0.036523 0.014971
4 0.076826 0.446353 0.032944 0.032294
4 0.512303 0.403125 0.033597 0.032685
5 0.206573 0.432093 0.020441 0.042709
5 0.641833 0.388475 0.020114 0.042971
15 0.120217 0.422525 0.038344 0.036716
15 0.555595 0.460677 0.037366 0.035415
17 0.642186 0.473110 0.084245 0.082681
21 0.206247 0.496259 0.039839 0.069728
11 0.132712 0.281383 0.198372 0.189843
7 0.567582 0.259471 0.198698 0.146679
