14 0.745574 0.326550 0.040761 0.035473
5 0.745691 0.378955 0.025632 0.051271
10 0.658136 0.238409 0.228428 0.098440
23 0.673617 0.260962 0.301088 0.501121
15 0.644729 0.454233 0.043124 0.036851
4 0.593658 0.371809 0.038070 0.031903
2 0.593392 0.409634 0.041357 0.015888
2 0.542948 0.409442 0.041357 0.015497
1 0.593498 0.326204 0.041134 0.020508
3 0.542735 0.353057 0.027983 0.052085
21 0.745830 0.459405 0.057264 0.086263
13 0.636313 0.082590 0.036091 0.040677
14 0.644112 0.141013 0.042209 0.036325
14 0.644442 0.029025 0.040761 0.034704
