3 0.233366 0.775414 0.016728 0.030613
14 0.475955 0.556981 0.025869 0.020313
14 0.476068 0.622039 0.025289 0.020640
11 0.484895 0.689087 0.136230 0.109813
8 0.782580 0.695581 0.137157 0.059521
1 0.416059 0.759812 0.023437 0.012108
3 0.536077 0.775587 0.016728 0.030613
2 0.536077 0.808720 0.025176 0.007619
14 0.774188 0.622352 0.025289 0.020645
1 0.714437 0.759341 0.023437 0.012113
3 0.834205 0.775496 0.016092 0.031166
2 0.714799 0.808691 0.025176 0.008210
2 0.834221 0.808667 0.025176 0.008157
23 0.776798 0.684627 0.150461 0.310057
14 0.173349 0.556419 0.026215 0.021534
13 0.169177 0.588061 0.021254 0.024461
14 0.173615 0.622289 0.025925 0.022019
1 0.113364 0.759327 0.024194 0.012108
4 0.113364 0.786402 0.023034 0.018602
15 0.173526 0.798804 0.025982 0.020068
2 0.113397 0.808667 0.024709 0.008738
2 0.233713 0.808888 0.025176 0.008205
23 0.175419 0.684405 0.152684 0.311475
13 0.472283 0.586816 0.020602 0.022659
7 0.181451 0.692750 0.138365 0.085303
4 0.415568 0.786398 0.022688 0.018260
2 0.415842 0.808854 0.025176 0.007883
15 0.475955 0.798270 0.027029 0.020068
23 0.478847 0.684208 0.151098 0.311773
14 0.774188 0.556823 0.025869 0.020832
15 0.774172 0.798664 0.026078 0.020861
13 0.769847 0.587504 0.020602 0.023250
4 0.714260 0.786489 0.022494 0.018260
