4 0.291626 0.233083 0.020848 0.019582
2 0.037974 0.232963 0.021256 0.008815
2 0.266714 0.255679 0.021256 0.008815
2 0.291640 0.255679 0.021256 0.008815
2 0.151607 0.306279 0.021256 0.008815
6 0.070232 0.295272 0.035941 0.020529
21 0.366885 0.270839 0.028588 0.049138
17 0.114218 0.246898 0.048390 0.046922
16 0.152069 0.273781 0.025089 0.028321
23 0.318849 0.156956 0.128909 0.309423
14 0.571645 0.029003 0.021249 0.020529
14 0.825100 0.030272 0.021249 0.020529
13 0.567839 0.061318 0.016846 0.025658
13 0.821294 0.061318 0.016846 0.025658
11 0.832711 0.162075 0.115345 0.108991
3 0.521263 0.225417 0.015086 0.032570
3 0.774712 0.247609 0.015731 0.032570
5 0.875794 0.240639 0.013917 0.031320
1 0.546291 0.210223 0.020549 0.012464
1 0.799114 0.231766 0.020543 0.012459
21 0.622332 0.274218 0.028595 0.049138
4 0.546298 0.237472 0.020848 0.019582
4 0.799746 0.258381 0.020848 0.019582
14 0.062172 0.029883 0.021242 0.020534
14 0.316572 0.029883 0.021242 0.020534
13 0.059237 0.061404 0.016846 0.025658
13 0.312903 0.060669 0.016853 0.025658
14 0.062906 0.095133 0.021242 0.020529
14 0.316572 0.094397 0.021242 0.020534
8 0.070232 0.139113 0.115101 0.057915
7 0.323904 0.149030 0.115862 0.084313
1 0.037240 0.183834 0.020549 0.012464
1 0.292374 0.206575 0.020549 0.012459
3 0.012314 0.199966 0.013203 0.030022
3 0.265980 0.222686 0.013203 0.030022
5 0.113498 0.192640 0.013917 0.030051
5 0.367884 0.215361 0.013917 0.030056
4 0.037974 0.210963 0.018327 0.018308
15 0.062913 0.267417 0.020529 0.021995
15 0.316572 0.267417 0.020529 0.021995
2 0.521590 0.258366 0.021256 0.010094
2 0.546936 0.258366 0.021249 0.010094
2 0.774399 0.281188 0.021256 0.010094
2 0.799114 0.281188 0.021256 0.010094
23 0.573853 0.157321 0.132864 0.311514
23 0.826975 0.157633 0.130322 0.312172
8 0.578922 0.152884 0.114686 0.057660
15 0.571950 0.267883 0.021141 0.021995
15 0.825100 0.267249 0.021141 0.021995
6 0.579249 0.295757 0.035941 0.020534
6 0.832697 0.295762 0.035941 0.020529
14 0.571964 0.093945 0.023166 0.022461
14 0.825725 0.094263 0.023166 0.022461
5 0.622338 0.218832 0.013917 0.030791
22 0.876426 0.288148 0.027841 0.048898
