2 0.430217 0.321747 0.021256 0.010094
20 0.382996 0.279934 0.048811 0.068456
14 0.078555 0.029003 0.021249 0.020529
14 0.332003 0.028368 0.021249 0.020529
14 0.583556 0.029637 0.021242 0.020529
14 0.837650 0.023307 0.021249 0.020529
13 0.074111 0.060688 0.016853 0.025658
13 0.328198 0.060688 0.016853 0.025658
13 0.581021 0.060683 0.016846 0.025658
13 0.833844 0.054348 0.016846 0.025658
12 0.085833 0.174745 0.115957 0.134331
7 0.339288 0.149082 0.114686 0.083006
7 0.591167 0.149395 0.114686 0.083006
3 0.027854 0.274853 0.015725 0.032570
3 0.281310 0.221624 0.015731 0.032570
3 0.532869 0.222254 0.015731 0.032570
5 0.129242 0.267254 0.013917 0.030056
5 0.382697 0.214664 0.013917 0.030051
1 0.053208 0.259010 0.020543 0.012464
1 0.306025 0.207055 0.020543 0.012464
1 0.558848 0.206421 0.020543 0.012464
1 0.812935 0.275492 0.020543 0.012464
5 0.634875 0.215294 0.013917 0.030056
5 0.888337 0.283716 0.013917 0.030056
21 0.128610 0.315402 0.028595 0.049148
22 0.634250 0.271046 0.027834 0.048932
22 0.888330 0.331249 0.027834 0.050196
3 0.786956 0.291330 0.015731 0.032570
4 0.053208 0.285620 0.020848 0.019582
4 0.306657 0.233660 0.020848 0.019582
2 0.027854 0.307802 0.021256 0.010094
2 0.053201 0.308437 0.021256 0.010094
2 0.281942 0.255213 0.021256 0.010094
2 0.306663 0.255843 0.021256 0.010094
23 0.080444 0.172524 0.131593 0.341964
23 0.835740 0.179172 0.138572 0.355917
25 0.841741 0.180749 0.121495 0.159936
15 0.078548 0.295127 0.021141 0.022000
15 0.332010 0.267244 0.023682 0.022000
15 0.583569 0.266610 0.022411 0.022000
15 0.558848 0.233665 0.021141 0.022000
15 0.812935 0.302102 0.021141 0.022000
15 0.837650 0.309071 0.023682 0.021995
6 0.340246 0.295762 0.035941 0.020529
6 0.845254 0.335047 0.035941 0.020534
2 0.532862 0.255218 0.021256 0.010094
2 0.558848 0.255848 0.021256 0.010094
2 0.787588 0.324280 0.021256 0.010094
2 0.813567 0.324280 0.021256 0.010094
14 0.078548 0.093633 0.023166 0.022461
14 0.332003 0.093003 0.023166 0.022461
14 0.584188 0.093633 0.023166 0.022461
14 0.837011 0.087298 0.023166 0.022461
16 0.429905 0.285303 0.027005 0.031445
