14 0.685277 0.050065 0.037568 0.036851
14 0.685036 0.159926 0.036837 0.037953
13 0.679022 0.101919 0.031582 0.041472
0 0.594780 0.437077 0.027057 0.030923
2 0.599369 0.495346 0.035838 0.014779
2 0.642221 0.495538 0.037097 0.015170
1 0.642018 0.414646 0.036042 0.021617
2 0.770741 0.495570 0.036042 0.014580
4 0.642018 0.458854 0.032183 0.031121
6 0.697205 0.480862 0.061303 0.036716
15 0.685277 0.431283 0.037568 0.035614
3 0.770944 0.440691 0.025132 0.052604
7 0.697140 0.288378 0.198003 0.143161
23 0.689228 0.257456 0.219017 0.506703
