14 0.129481 0.050488 0.043073 0.036261
14 0.129752 0.158952 0.043767 0.036652
13 0.122230 0.101695 0.036212 0.040498
0 0.023326 0.436814 0.033253 0.035351
2 0.029786 0.495609 0.044320 0.015042
2 0.079634 0.495769 0.043377 0.015234
4 0.079786 0.458854 0.038391 0.031769
1 0.079753 0.414357 0.043301 0.021681
15 0.129872 0.430732 0.043691 0.036069
6 0.143843 0.480926 0.072273 0.035550
3 0.230141 0.440755 0.029904 0.052085
2 0.230369 0.495769 0.041903 0.015106
23 0.134023 0.256770 0.264716 0.507421
14 0.638633 0.050065 0.046574 0.036716
14 0.638633 0.159182 0.045480 0.037107
13 0.631697 0.101272 0.037849 0.039780
3 0.739369 0.440300 0.029514 0.053514
15 0.638471 0.430629 0.044699 0.035223
6 0.652767 0.481214 0.073444 0.036787
2 0.739445 0.495833 0.043843 0.016016
2 0.588591 0.495961 0.044786 0.015888
2 0.538624 0.495474 0.043767 0.015952
0 0.533020 0.436846 0.033958 0.031903
1 0.588320 0.414908 0.042596 0.021745
4 0.588266 0.458809 0.038391 0.031705
9 0.653656 0.283431 0.233175 0.143161
8 0.144125 0.283527 0.230769 0.099741
23 0.643305 0.257161 0.262147 0.508985
