14 0.195646 0.116579 0.026998 0.027657
13 0.192397 0.074992 0.022534 0.030916
7 0.203508 0.208164 0.142221 0.105198
8 0.509050 0.211918 0.139068 0.073056
14 0.500522 0.038797 0.027005 0.027657
14 0.500685 0.115728 0.026998 0.027653
14 0.805486 0.039288 0.027005 0.027657
14 0.805323 0.115569 0.026998 0.027653
13 0.496098 0.075708 0.022534 0.030921
13 0.801001 0.076270 0.022534 0.030916
0 0.132863 0.315362 0.021215 0.026869
2 0.135866 0.356555 0.026516 0.015203
2 0.165392 0.357439 0.026516 0.015199
2 0.255194 0.357084 0.026516 0.015203
2 0.440104 0.356733 0.026516 0.015199
2 0.470160 0.357439 0.026516 0.015199
2 0.560552 0.356838 0.026516 0.015203
2 0.745367 0.356699 0.026516 0.015203
2 0.775192 0.356810 0.026516 0.015199
2 0.865238 0.357031 0.026516 0.015199
1 0.166147 0.299101 0.026672 0.016371
4 0.165882 0.330964 0.022615 0.022211
3 0.255785 0.317890 0.016588 0.036550
15 0.195612 0.321125 0.025598 0.025019
6 0.204405 0.351628 0.043722 0.026148
0 0.437107 0.315732 0.018905 0.024346
0 0.742112 0.315290 0.018905 0.024350
1 0.469881 0.298808 0.026672 0.016376
1 0.774499 0.298981 0.026672 0.016376
15 0.500270 0.321265 0.025598 0.025019
6 0.509335 0.351244 0.043715 0.026143
3 0.560315 0.317712 0.016588 0.036550
4 0.470269 0.330902 0.022622 0.022207
4 0.774907 0.330738 0.022622 0.022211
15 0.805167 0.320933 0.025598 0.025019
6 0.814028 0.351503 0.043715 0.026148
3 0.865129 0.317761 0.016588 0.036550
14 0.195646 0.038298 0.026998 0.027653
9 0.813301 0.208385 0.138164 0.102021
23 0.209902 0.191846 0.191196 0.377177
23 0.517089 0.191317 0.191202 0.377177
23 0.819559 0.190274 0.191202 0.377177
