0 0.571504 0.420483 0.031668 0.035825
1 0.621187 0.398801 0.039814 0.021829
4 0.620791 0.441286 0.033758 0.029615
3 0.754991 0.423854 0.024760 0.048733
15 0.665170 0.428167 0.038211 0.033358
6 0.678295 0.468837 0.065264 0.034864
14 0.664977 0.155438 0.038850 0.034178
7 0.678721 0.277552 0.208765 0.140264
2 0.754778 0.476304 0.037612 0.014580
14 0.665210 0.051531 0.040280 0.034178
23 0.685497 0.258037 0.285410 0.502903
2 0.575774 0.476361 0.037612 0.014580
2 0.620203 0.476201 0.037612 0.014580
13 0.658678 0.101117 0.033961 0.038959
