4 0.745578 0.669738 0.022982 0.022630
2 0.745659 0.698290 0.026937 0.010560
2 0.778087 0.909306 0.026937 0.010397
2 0.745666 0.909320 0.026937 0.010262
14 0.531950 0.828588 0.026033 0.026600
14 0.226177 0.862100 0.026033 0.026605
15 0.161580 0.958050 0.025768 0.025869
15 0.467659 0.966034 0.025768 0.025062
15 0.810440 0.942693 0.025768 0.025062
4 0.434939 0.864042 0.022982 0.022625
4 0.128738 0.895910 0.022982 0.022625
4 0.778005 0.880778 0.022982 0.022625
5 0.226252 0.901404 0.016370 0.038453
5 0.532039 0.862787 0.016370 0.038102
5 0.874990 0.886489 0.016880 0.038102
2 0.128983 0.924543 0.026414 0.010560
2 0.096766 0.924553 0.026414 0.010565
2 0.402613 0.892262 0.026026 0.010007
2 0.434987 0.892055 0.026026 0.010007
2 0.572281 0.989303 0.026135 0.010397
1 0.129132 0.861850 0.024749 0.014362
1 0.434912 0.829165 0.024749 0.014362
1 0.778379 0.846738 0.024749 0.013983
3 0.096636 0.882038 0.016819 0.037905
3 0.402573 0.849785 0.016819 0.038338
3 0.745578 0.866671 0.016819 0.038145
21 0.226171 0.961559 0.034772 0.062957
21 0.874928 0.956834 0.034772 0.062953
19 0.531842 0.922976 0.034460 0.062313
14 0.875146 0.846007 0.026033 0.026605
16 0.572879 0.943467 0.035024 0.038814
13 0.156681 0.678664 0.021208 0.029570
13 0.462658 0.678794 0.021208 0.029575
13 0.805520 0.683153 0.021215 0.029575
14 0.161587 0.638956 0.026033 0.026028
14 0.161845 0.722967 0.026033 0.026033
14 0.467605 0.639192 0.026033 0.026028
14 0.467992 0.722246 0.026033 0.026605
14 0.809679 0.643374 0.026033 0.026033
14 0.810406 0.726399 0.026033 0.026028
13 0.745483 0.635553 0.024749 0.014833
8 0.475630 0.771999 0.146754 0.074464
8 0.819600 0.779930 0.146754 0.074902
10 0.170333 0.795994 0.145891 0.073830
