7 0.772064 0.207530 0.155592 0.105198
14 0.111936 0.038797 0.029544 0.027657
14 0.112293 0.115891 0.029536 0.027657
14 0.436681 0.039446 0.029544 0.027657
14 0.436681 0.116381 0.029544 0.027657
14 0.763373 0.038634 0.029536 0.027653
14 0.763909 0.116218 0.029536 0.027653
13 0.107401 0.075986 0.024660 0.030916
13 0.431901 0.075847 0.024652 0.030916
13 0.758549 0.075847 0.024652 0.030916
2 0.046336 0.356478 0.029009 0.015203
2 0.079210 0.356478 0.029009 0.015203
2 0.177484 0.356699 0.029009 0.015203
2 0.371244 0.356699 0.029009 0.015203
2 0.502155 0.356920 0.029009 0.015203
2 0.698204 0.357247 0.029009 0.015199
2 0.829107 0.357800 0.029009 0.015199
0 0.042589 0.314684 0.020682 0.024350
0 0.367438 0.315415 0.020682 0.024350
0 0.694547 0.314925 0.020682 0.024346
1 0.078816 0.298736 0.029180 0.016376
1 0.502021 0.298616 0.029180 0.016371
1 0.829130 0.298856 0.029180 0.016376
4 0.079195 0.331229 0.024741 0.022211
4 0.501805 0.330902 0.024741 0.022207
4 0.829568 0.330738 0.024741 0.022211
15 0.111720 0.321351 0.028005 0.025019
15 0.436369 0.321457 0.028005 0.025023
15 0.763886 0.314002 0.028005 0.025023
6 0.121415 0.351503 0.047825 0.026148
3 0.177670 0.317866 0.018155 0.036555
10 0.121340 0.212058 0.151793 0.071999
10 0.446301 0.211899 0.151793 0.071999
23 0.127793 0.190274 0.209171 0.377177
23 0.454702 0.190274 0.209179 0.377177
23 0.780465 0.191317 0.209179 0.377177
