14 0.139736 0.050456 0.044534 0.036197
14 0.138697 0.158625 0.045230 0.037171
13 0.131536 0.100849 0.037073 0.040235
10 0.153267 0.287731 0.229309 0.100843
3 0.238043 0.440659 0.029151 0.051630
15 0.139233 0.430270 0.044310 0.035287
1 0.089346 0.414325 0.042543 0.021092
6 0.153150 0.480862 0.074156 0.037242
2 0.238193 0.495570 0.043464 0.014843
2 0.089688 0.495410 0.043539 0.015823
2 0.039501 0.495506 0.043924 0.014971
0 0.034309 0.436916 0.033379 0.032422
4 0.089495 0.458623 0.038390 0.031576
23 0.143686 0.257289 0.258920 0.507030
0 0.529926 0.436686 0.032619 0.032486
2 0.535075 0.495538 0.043539 0.015689
6 0.650040 0.480791 0.074841 0.038152
15 0.634849 0.434731 0.044459 0.034832
2 0.734077 0.495019 0.044620 0.016080
4 0.734227 0.458335 0.039535 0.032813
1 0.733649 0.414357 0.041612 0.021027
7 0.648884 0.283463 0.228849 0.140367
14 0.635042 0.159797 0.044385 0.037306
13 0.627923 0.100977 0.037694 0.040888
14 0.635149 0.049610 0.045691 0.036460
23 0.639849 0.257359 0.256769 0.507293
