14 0.163374 0.035717 0.027324 0.027653
14 0.163211 0.119968 0.027324 0.027648
14 0.491919 0.035876 0.027324 0.027653
14 0.492082 0.119482 0.027324 0.027653
13 0.158638 0.076391 0.023172 0.031993
13 0.486768 0.076391 0.023179 0.031993
7 0.172195 0.225877 0.148079 0.107851
11 0.501140 0.220926 0.148371 0.139330
1 0.098546 0.317204 0.025755 0.014704
4 0.098641 0.351196 0.022962 0.023081
2 0.098057 0.379772 0.026359 0.010935
15 0.163327 0.364035 0.026509 0.025696
2 0.227822 0.379978 0.026359 0.010930
3 0.227795 0.337478 0.016785 0.038828
1 0.427294 0.317199 0.025755 0.014704
4 0.427111 0.351076 0.022962 0.023086
2 0.427111 0.379868 0.026366 0.010930
2 0.556584 0.380055 0.026359 0.010935
15 0.492034 0.364059 0.026516 0.025696
3 0.556618 0.337218 0.016785 0.038828
