14 0.130022 0.533484 0.036432 0.036870
14 0.130022 0.645895 0.036432 0.036870
13 0.123507 0.587549 0.030896 0.042664
2 0.044028 0.582749 0.035146 0.014580
23 0.144364 0.703883 0.286667 0.532986
1 0.043747 0.499472 0.035028 0.020162
4 0.043693 0.544802 0.031404 0.031147
8 0.142371 0.716668 0.197502 0.102606
5 0.216568 0.820030 0.023376 0.051777
21 0.216441 0.914260 0.048238 0.084898
15 0.129913 0.933255 0.036260 0.035178
4 0.087011 0.850716 0.031703 0.031903
2 0.087138 0.888618 0.036133 0.014580
2 0.043974 0.888618 0.036133 0.014580
3 0.044109 0.831746 0.023503 0.052559
1 0.086785 0.804982 0.035291 0.020380
