14 0.135961 0.463331 0.025877 0.025591
14 0.135961 0.547866 0.025877 0.025591
14 0.459680 0.463302 0.025877 0.025591
14 0.459735 0.548005 0.025877 0.025591
14 0.783366 0.463562 0.025877 0.025071
14 0.783386 0.547774 0.025877 0.025591
13 0.131047 0.503520 0.021079 0.028513
13 0.454835 0.503270 0.021195 0.028326
13 0.778494 0.503279 0.021045 0.028205
3 0.524400 0.771499 0.016730 0.038232
1 0.718456 0.751374 0.025095 0.013656
1 0.394968 0.751446 0.024416 0.013805
1 0.071404 0.744899 0.024661 0.014256
2 0.718463 0.813942 0.025986 0.010007
2 0.524373 0.813923 0.026448 0.010147
2 0.394893 0.813908 0.026325 0.009974
2 0.071221 0.807559 0.026509 0.009882
4 0.718748 0.785665 0.022656 0.022610
4 0.395015 0.785410 0.022561 0.021952
4 0.071282 0.778974 0.022459 0.022072
7 0.145454 0.653150 0.146067 0.107049
12 0.468820 0.645215 0.146536 0.171073
12 0.792472 0.645205 0.146305 0.171462
23 0.812403 0.627430 0.213186 0.394750
23 0.488500 0.627464 0.213621 0.395457
23 0.164766 0.627122 0.213539 0.394875
24 0.258774 0.519401 0.025394 0.025321
24 0.582568 0.550759 0.025394 0.025321
24 0.906057 0.550745 0.025979 0.025461
