3 0.052764 0.392512 0.020966 0.043426
4 0.086569 0.406868 0.027798 0.026110
15 0.458305 0.382367 0.031576 0.029333
15 0.760755 0.337595 0.028187 0.029333
14 0.120283 0.064174 0.030326 0.030602
13 0.115237 0.106017 0.024328 0.036389
14 0.120356 0.151418 0.030887 0.031025
12 0.130196 0.257933 0.161622 0.183268
5 0.187766 0.382739 0.021455 0.043125
21 0.187848 0.446571 0.042177 0.071343
15 0.119966 0.419090 0.032536 0.032615
2 0.086569 0.436624 0.031386 0.015163
2 0.052601 0.435971 0.030806 0.015080
1 0.086805 0.370914 0.029737 0.018682
23 0.126436 0.251947 0.203128 0.474858
14 0.457762 0.064860 0.033415 0.032237
13 0.453965 0.106427 0.026819 0.037492
14 0.458305 0.150501 0.037420 0.033743
7 0.467764 0.224440 0.156303 0.114270
5 0.526413 0.313203 0.020948 0.043849
20 0.526105 0.397736 0.067972 0.095768
16 0.588931 0.407067 0.038018 0.043164
2 0.589683 0.454678 0.029936 0.014913
6 0.468208 0.420115 0.050123 0.030077
2 0.424854 0.366351 0.030480 0.015798
2 0.391647 0.366326 0.030697 0.015996
4 0.424319 0.337050 0.027798 0.026110
1 0.424754 0.301846 0.030661 0.020066
3 0.390705 0.321887 0.020975 0.044112
23 0.489827 0.249326 0.242424 0.465571
14 0.794270 0.064725 0.032835 0.030750
13 0.790438 0.105979 0.025505 0.038434
14 0.794796 0.151007 0.032745 0.031532
7 0.804554 0.224132 0.156521 0.114103
5 0.862279 0.312722 0.021039 0.044631
1 0.760610 0.301494 0.030217 0.020188
3 0.726661 0.322470 0.022071 0.043599
2 0.727068 0.366486 0.030244 0.013779
2 0.761136 0.366928 0.029429 0.013933
15 0.794189 0.381457 0.032074 0.031384
22 0.862378 0.387347 0.042095 0.070055
23 0.799471 0.235841 0.201552 0.433668
