14 0.165447 0.027380 0.027324 0.027648
14 0.165963 0.103416 0.027331 0.027653
13 0.162192 0.059195 0.023179 0.031998
14 0.487937 0.027649 0.027331 0.027653
14 0.487937 0.103147 0.027331 0.027653
13 0.483275 0.059714 0.023179 0.031993
11 0.174872 0.184168 0.146917 0.141080
11 0.496682 0.184471 0.146910 0.141085
3 0.101033 0.294769 0.017620 0.039121
1 0.133413 0.274417 0.025755 0.014704
4 0.133230 0.308496 0.022962 0.023086
2 0.100788 0.337173 0.026366 0.010930
2 0.133413 0.337163 0.026366 0.010930
14 0.230635 0.274052 0.027324 0.027653
5 0.230452 0.307747 0.017097 0.037963
3 0.423074 0.294793 0.017620 0.039121
5 0.552581 0.313894 0.017097 0.037963
1 0.455298 0.274230 0.025755 0.014704
2 0.422843 0.336976 0.026359 0.010935
2 0.455556 0.336904 0.026359 0.010930
4 0.455441 0.308506 0.022962 0.023086
14 0.552452 0.274557 0.027324 0.027648
21 0.230404 0.359951 0.028140 0.050926
21 0.552561 0.365883 0.028140 0.050926
24 0.288437 0.122542 0.026353 0.026249
24 0.610655 0.122542 0.026353 0.026249
