14 0.140336 0.306442 0.045038 0.036870
14 0.140030 0.409573 0.045026 0.036877
14 0.640000 0.306192 0.045026 0.036877
14 0.639682 0.410073 0.045038 0.036877
13 0.132823 0.355745 0.037580 0.041222
13 0.633143 0.356303 0.037580 0.041222
8 0.154661 0.534315 0.231920 0.097415
4 0.090256 0.695376 0.037716 0.029615
4 0.589885 0.695652 0.037728 0.029615
0 0.036186 0.675874 0.035144 0.032435
0 0.535090 0.675771 0.035155 0.032435
3 0.239909 0.678392 0.027664 0.048733
3 0.739991 0.678271 0.027664 0.048733
1 0.090494 0.653244 0.044482 0.021835
1 0.589806 0.653449 0.044482 0.021835
9 0.654177 0.529553 0.231931 0.136041
23 0.677750 0.506962 0.349092 0.506101
24 0.329553 0.413418 0.042046 0.032525
24 0.829829 0.413675 0.042046 0.032525
23 0.177758 0.508167 0.349092 0.506101
2 0.039925 0.730875 0.042522 0.014580
2 0.090006 0.730875 0.042522 0.014580
2 0.240271 0.731150 0.042522 0.014580
2 0.540337 0.730868 0.042533 0.014580
2 0.590248 0.730721 0.042522 0.014580
2 0.740501 0.730580 0.042533 0.014580
