14 0.253101 0.033095 0.026285 0.026566
14 0.253108 0.115399 0.026006 0.026148
13 0.248392 0.072663 0.021086 0.029801
0 0.186798 0.323906 0.018783 0.022639
2 0.190155 0.367882 0.025245 0.009498
2 0.221631 0.367882 0.025687 0.009498
1 0.221624 0.307078 0.024661 0.014064
2 0.315897 0.367906 0.025687 0.009637
4 0.221631 0.340100 0.021772 0.022005
6 0.262288 0.356875 0.043409 0.025706
15 0.253128 0.319287 0.025197 0.024576
3 0.316189 0.326622 0.016384 0.037343
14 0.565676 0.033378 0.025388 0.025619
14 0.565690 0.115437 0.025265 0.025475
13 0.561008 0.072240 0.020848 0.028758
0 0.499244 0.323714 0.018456 0.021779
2 0.502893 0.367944 0.025687 0.009724
2 0.534139 0.367920 0.025687 0.009570
4 0.534410 0.340249 0.022214 0.021995
1 0.534152 0.307088 0.024803 0.013915
15 0.565669 0.319378 0.025197 0.024692
6 0.574707 0.356932 0.043164 0.025759
3 0.628670 0.326655 0.016309 0.037203
2 0.628663 0.367920 0.025340 0.009474
14 0.884768 0.033287 0.025680 0.025466
14 0.884775 0.115629 0.025680 0.025384
13 0.880419 0.072230 0.020896 0.028758
3 0.947755 0.326670 0.016017 0.037324
15 0.884836 0.319244 0.025544 0.024692
6 0.893609 0.356812 0.043171 0.025831
2 0.947802 0.367819 0.025782 0.009580
2 0.853557 0.367896 0.025598 0.009522
2 0.821877 0.367848 0.025687 0.009522
0 0.818357 0.323738 0.018850 0.021793
1 0.853564 0.307107 0.024606 0.013819
4 0.853564 0.340037 0.021970 0.022072
9 0.893854 0.208143 0.142663 0.104179
7 0.262084 0.212123 0.142527 0.104732
8 0.574503 0.208508 0.142337 0.072455
