14 0.098965 0.628314 0.026945 0.025908
14 0.098811 0.711460 0.026924 0.025711
14 0.427114 0.628651 0.026259 0.025269
14 0.427128 0.711152 0.026427 0.025057
14 0.760142 0.628338 0.026497 0.025917
14 0.760142 0.711383 0.026392 0.025667
24 0.223112 0.714094 0.025909 0.025095
24 0.551275 0.714233 0.026217 0.025341
24 0.884365 0.714233 0.026245 0.025095
13 0.093750 0.667724 0.021814 0.029042
13 0.422045 0.667782 0.021401 0.029037
13 0.755325 0.667700 0.021814 0.029042
7 0.206234 0.806338 0.148292 0.105395
0 0.029779 0.921784 0.019132 0.021279
0 0.357676 0.921693 0.019258 0.021553
0 0.691110 0.921741 0.019132 0.021279
1 0.065937 0.904754 0.025258 0.013867
1 0.394358 0.904759 0.025258 0.013867
1 0.727400 0.904773 0.025279 0.013983
4 0.066084 0.938155 0.022990 0.022264
4 0.394197 0.938223 0.022780 0.022091
4 0.727624 0.938208 0.022815 0.022014
3 0.164266 0.924807 0.016745 0.037199
3 0.492477 0.924759 0.016150 0.037203
3 0.825743 0.924798 0.016745 0.037199
2 0.033174 0.966241 0.026357 0.009911
2 0.065874 0.966313 0.026357 0.009911
2 0.164497 0.966265 0.026231 0.009911
2 0.361442 0.966308 0.026812 0.009911
2 0.394365 0.966308 0.026462 0.009911
2 0.492484 0.966265 0.026392 0.009911
2 0.694687 0.966293 0.026315 0.009911
2 0.727309 0.966245 0.026357 0.009911
2 0.825764 0.966317 0.026945 0.009940
8 0.534788 0.810082 0.148012 0.073200
9 0.867802 0.805867 0.148047 0.105448
23 0.150202 0.789332 0.260363 0.389304
23 0.478371 0.789207 0.260867 0.389160
23 0.811672 0.789260 0.260363 0.389549
