14 0.170163 0.050257 0.058693 0.035806
14 0.170053 0.159471 0.057703 0.038088
8 0.189773 0.283495 0.295351 0.100068
3 0.297479 0.440883 0.037845 0.052213
15 0.169228 0.434731 0.055847 0.036005
1 0.105983 0.415004 0.053853 0.020380
4 0.106478 0.458918 0.048916 0.032160
2 0.105680 0.496256 0.054252 0.015561
2 0.042641 0.495641 0.056823 0.015625
13 0.161018 0.100817 0.050497 0.039261
2 0.297630 0.496032 0.054939 0.015362
0 0.035820 0.436359 0.041201 0.031967
23 0.171249 0.261750 0.335479 0.520117
14 0.808543 0.050129 0.059587 0.036069
14 0.808887 0.159016 0.056713 0.037171
11 0.825197 0.282880 0.296644 0.183466
0 0.674352 0.435679 0.040816 0.032031
13 0.799508 0.101560 0.050401 0.040235
1 0.745353 0.414485 0.054939 0.022719
2 0.681379 0.495250 0.053454 0.015753
2 0.745848 0.495378 0.054953 0.015888
2 0.935914 0.495673 0.054843 0.014779
4 0.744858 0.458239 0.050002 0.031314
15 0.808516 0.430988 0.054939 0.036460
6 0.827645 0.480766 0.094050 0.036902
3 0.936217 0.440659 0.037639 0.052412
23 0.814966 0.256834 0.324409 0.508466
