23 0.637725 0.270898 0.257091 0.541279
13 0.629883 0.107587 0.035893 0.041344
14 0.636863 0.054881 0.046269 0.038671
14 0.636790 0.166991 0.042686 0.036851
14 0.735154 0.346093 0.044025 0.037370
3 0.537761 0.373471 0.027315 0.053322
1 0.587281 0.346747 0.039622 0.020835
2 0.537574 0.430504 0.042312 0.015561
2 0.587312 0.430081 0.042686 0.015625
4 0.587166 0.392288 0.037015 0.032486
5 0.735154 0.399152 0.029703 0.053777
15 0.637049 0.422333 0.042166 0.035678
22 0.736940 0.493650 0.058213 0.086263
10 0.651081 0.253876 0.227834 0.102279
