3 0.185097 0.736734 0.028597 0.052091
21 0.236108 0.816588 0.055624 0.083565
2 0.184508 0.792189 0.043780 0.014663
6 0.149727 0.853695 0.072966 0.037396
15 0.134926 0.810570 0.044096 0.036274
1 0.084603 0.710784 0.041446 0.020367
4 0.083981 0.755050 0.038566 0.032736
2 0.084417 0.792132 0.044172 0.014516
2 0.034115 0.792177 0.043452 0.014555
0 0.028477 0.733440 0.032175 0.031115
23 0.138297 0.626841 0.273312 0.522437
14 0.630725 0.406293 0.046801 0.036896
13 0.622959 0.457763 0.037476 0.043542
14 0.630027 0.515558 0.044532 0.037453
12 0.645395 0.645132 0.234277 0.226829
5 0.731645 0.796855 0.028717 0.051437
21 0.732343 0.889085 0.055941 0.084200
3 0.680972 0.808577 0.028063 0.051989
2 0.680940 0.863898 0.043801 0.014875
6 0.645842 0.895353 0.073053 0.037972
15 0.631303 0.853125 0.044129 0.035556
2 0.580554 0.863898 0.044543 0.015561
4 0.580652 0.826778 0.037541 0.030948
1 0.580259 0.781999 0.042983 0.020970
0 0.525846 0.805725 0.035621 0.033999
2 0.529456 0.863533 0.042645 0.015163
23 0.633430 0.651188 0.277347 0.571131
14 0.135090 0.416073 0.044434 0.036293
13 0.127226 0.467664 0.035294 0.040792
14 0.134981 0.525222 0.042983 0.035665
7 0.149007 0.615171 0.232237 0.142225
5 0.235432 0.725550 0.028194 0.051963
