14 0.680081 0.063578 0.038342 0.029039
13 0.673847 0.104909 0.031874 0.036223
14 0.679976 0.151104 0.041062 0.031442
10 0.693087 0.212911 0.201773 0.083206
5 0.767576 0.305544 0.028931 0.045343
22 0.766946 0.379515 0.054711 0.070792
15 0.679684 0.382072 0.039614 0.033089
2 0.636123 0.359077 0.038435 0.013209
2 0.592318 0.358782 0.039626 0.014292
4 0.636310 0.329795 0.035038 0.027411
3 0.592621 0.315465 0.026270 0.042645
1 0.637571 0.294034 0.038996 0.019175
23 0.684880 0.230862 0.266431 0.457278
