14 0.103583 0.033421 0.027834 0.025244
14 0.103531 0.119307 0.027827 0.025254
5 0.103598 0.080253 0.017823 0.037141
8 0.113432 0.208484 0.154785 0.072681
3 0.172031 0.326574 0.017527 0.037482
2 0.171986 0.367848 0.027908 0.009522
6 0.113107 0.356966 0.046897 0.025716
15 0.103657 0.319282 0.027908 0.024692
1 0.069650 0.307102 0.026859 0.013920
4 0.069658 0.340114 0.023663 0.022312
2 0.069554 0.367863 0.027996 0.009584
2 0.035467 0.367968 0.027531 0.009570
0 0.031716 0.323738 0.020074 0.021966
14 0.446775 0.025793 0.027834 0.024942
13 0.441600 0.064424 0.022651 0.028672
14 0.446827 0.107444 0.027834 0.024946
12 0.456617 0.206023 0.154674 0.167252
0 0.374732 0.325127 0.020613 0.021817
2 0.378431 0.369103 0.027908 0.010036
2 0.412710 0.369108 0.027531 0.010123
4 0.412592 0.341388 0.024135 0.022106
1 0.412658 0.308054 0.026357 0.013915
15 0.446908 0.360754 0.027989 0.024692
6 0.456373 0.393001 0.047037 0.025759
2 0.515275 0.369108 0.027908 0.010123
3 0.515223 0.327833 0.017291 0.036910
