4 0.732679 0.306416 0.026366 0.026821
1 0.733014 0.271090 0.029537 0.019509
3 0.698820 0.292348 0.020640 0.043241
23 0.791364 0.240142 0.237848 0.432995
14 0.090159 0.065392 0.031929 0.033486
13 0.086734 0.105216 0.027236 0.040248
14 0.090993 0.152091 0.032129 0.030532
8 0.100851 0.207835 0.158270 0.080380
5 0.158983 0.279499 0.021048 0.042363
19 0.158965 0.353149 0.039214 0.068427
16 0.200616 0.373747 0.038217 0.043785
2 0.200055 0.421166 0.031449 0.014446
15 0.090494 0.381765 0.030733 0.035197
2 0.057768 0.333096 0.032292 0.015509
4 0.056816 0.302904 0.026502 0.026289
1 0.056644 0.267693 0.029936 0.019316
3 0.022785 0.288567 0.020142 0.041863
2 0.022839 0.332622 0.030434 0.014439
23 0.112611 0.229945 0.224375 0.431085
14 0.428226 0.064373 0.030425 0.030487
13 0.424566 0.107075 0.024373 0.037960
14 0.429332 0.151610 0.032509 0.030269
8 0.439987 0.234316 0.158288 0.084943
5 0.495963 0.327616 0.024427 0.048233
22 0.496443 0.401042 0.040247 0.068959
6 0.438746 0.419154 0.051500 0.030903
15 0.428281 0.381335 0.031123 0.033505
2 0.394739 0.380790 0.031893 0.014683
2 0.360707 0.380432 0.030425 0.013837
4 0.395889 0.350143 0.028187 0.028212
1 0.394902 0.316023 0.030706 0.021021
3 0.361559 0.336749 0.019471 0.042741
23 0.432929 0.232413 0.187263 0.425144
14 0.766003 0.064514 0.033225 0.030423
13 0.760821 0.104819 0.026611 0.036697
14 0.766058 0.152443 0.031005 0.030468
8 0.776197 0.210533 0.155805 0.081014
5 0.834338 0.282517 0.019997 0.042927
17 0.833930 0.354591 0.067555 0.065954
16 0.884751 0.390878 0.034675 0.039972
2 0.884189 0.433535 0.029673 0.014240
6 0.776387 0.419750 0.050232 0.029820
15 0.766774 0.381553 0.030588 0.031871
2 0.732842 0.336358 0.030788 0.014792
2 0.698249 0.336153 0.030371 0.015375
