6 0.646996 0.895071 0.070215 0.036832
15 0.632268 0.853272 0.042829 0.036293
1 0.582673 0.782172 0.041420 0.022194
4 0.583879 0.827092 0.038069 0.031621
2 0.583175 0.863860 0.041922 0.014926
2 0.533803 0.864084 0.041975 0.015388
0 0.528947 0.804956 0.032220 0.031230
23 0.638629 0.652617 0.271125 0.574893
14 0.133359 0.406107 0.044206 0.036607
13 0.126486 0.458589 0.038485 0.043452
14 0.133615 0.515058 0.043448 0.036274
25 0.146689 0.667057 0.226706 0.266974
5 0.231845 0.838750 0.028240 0.051444
3 0.182164 0.850888 0.027994 0.052694
21 0.231856 0.930640 0.054996 0.083898
2 0.181972 0.905440 0.041271 0.014715
15 0.132975 0.894648 0.042946 0.034569
6 0.147788 0.937735 0.071709 0.036774
1 0.083518 0.824311 0.040630 0.020463
4 0.082579 0.868615 0.039894 0.033909
2 0.083166 0.905479 0.042146 0.015215
2 0.033976 0.905485 0.041441 0.015977
0 0.029077 0.846261 0.031996 0.031564
23 0.135664 0.670517 0.265640 0.609783
14 0.631937 0.405832 0.045038 0.037242
13 0.625939 0.457647 0.037311 0.042209
14 0.632343 0.514962 0.043363 0.036889
12 0.646548 0.645465 0.226375 0.225886
5 0.731384 0.796599 0.027343 0.052835
3 0.681917 0.808769 0.026351 0.051803
22 0.731427 0.888072 0.055391 0.084674
2 0.681693 0.863578 0.041441 0.014644
