14 0.191880 0.032921 0.025619 0.025273
14 0.191928 0.114697 0.025619 0.024942
7 0.201040 0.195468 0.142445 0.104280
0 0.125502 0.290822 0.018918 0.021673
13 0.187076 0.071648 0.020848 0.028575
1 0.160397 0.273787 0.024226 0.014045
2 0.128982 0.334826 0.025687 0.010041
2 0.160458 0.334860 0.025184 0.010070
2 0.223431 0.334874 0.025116 0.010041
4 0.160451 0.307246 0.022214 0.022231
15 0.191982 0.328929 0.025605 0.024567
6 0.200694 0.361229 0.043334 0.025759
3 0.223411 0.293590 0.016309 0.036848
5 0.254948 0.284861 0.015976 0.036920
22 0.254975 0.353654 0.033501 0.061246
14 0.510591 0.029739 0.023349 0.022942
14 0.510557 0.103444 0.023322 0.022995
11 0.518590 0.178082 0.128345 0.122545
0 0.450799 0.272244 0.017063 0.019765
13 0.506392 0.064525 0.018959 0.026124
1 0.482227 0.257233 0.022370 0.012978
2 0.453911 0.311928 0.023234 0.009152
2 0.482268 0.311908 0.023261 0.009099
2 0.538915 0.311908 0.023342 0.009099
2 0.602866 0.377308 0.023369 0.009152
4 0.482248 0.287058 0.020271 0.019933
15 0.510591 0.331736 0.023356 0.022375
6 0.518610 0.365916 0.039339 0.023346
3 0.539091 0.274816 0.014984 0.033570
5 0.567421 0.266736 0.015065 0.034012
19 0.567313 0.320051 0.030423 0.055598
16 0.602819 0.337566 0.030206 0.034142
14 0.830139 0.032873 0.025619 0.025172
14 0.830071 0.114629 0.025612 0.024942
7 0.838701 0.181845 0.142418 0.104376
0 0.763489 0.270557 0.018436 0.021966
13 0.825246 0.071672 0.020848 0.028758
1 0.798683 0.253796 0.024212 0.013915
2 0.767111 0.314610 0.025687 0.009551
2 0.798459 0.314571 0.025687 0.009527
2 0.861398 0.314615 0.025687 0.009633
4 0.798649 0.286991 0.022214 0.021817
15 0.830152 0.328972 0.025632 0.024692
6 0.838912 0.361205 0.043171 0.025759
3 0.861425 0.273364 0.016010 0.037458
5 0.892901 0.264520 0.016445 0.037367
21 0.893098 0.333384 0.033529 0.060871
