14 0.126012 0.417188 0.045038 0.037928
13 0.119867 0.467318 0.034621 0.041747
14 0.126611 0.525466 0.046825 0.039024
7 0.141170 0.633788 0.229095 0.143014
5 0.226246 0.752358 0.028027 0.051957
22 0.226482 0.843794 0.056000 0.085629
2 0.176766 0.818902 0.041333 0.014625
3 0.176926 0.763856 0.029279 0.052187
15 0.127243 0.810814 0.043571 0.035486
6 0.141877 0.852977 0.071897 0.038921
2 0.077216 0.818729 0.040745 0.015574
4 0.077762 0.781294 0.037180 0.032378
1 0.078009 0.738208 0.043164 0.023277
0 0.022683 0.759870 0.031966 0.030134
2 0.027768 0.818511 0.041837 0.015189
23 0.137520 0.630648 0.274722 0.535524
14 0.628822 0.412664 0.039321 0.033653
13 0.622570 0.458884 0.032405 0.037569
14 0.629100 0.509854 0.038518 0.032153
11 0.640694 0.609819 0.206143 0.165784
5 0.718715 0.728043 0.026271 0.047176
3 0.674416 0.738823 0.025372 0.045996
19 0.718886 0.798976 0.051150 0.076868
16 0.774276 0.822484 0.049748 0.047349
2 0.774554 0.876069 0.039353 0.014619
6 0.643242 0.861040 0.067358 0.033858
15 0.629721 0.815152 0.040413 0.033153
2 0.673078 0.788274 0.037854 0.013952
1 0.584309 0.715373 0.038850 0.019130
4 0.584684 0.754819 0.034793 0.028981
2 0.538972 0.788139 0.038753 0.013696
2 0.584373 0.787819 0.038796 0.014862
0 0.535139 0.735228 0.029718 0.029679
23 0.659482 0.627443 0.307427 0.531582
