2 0.571449 0.296747 0.025192 0.008815
6 0.783039 0.296021 0.042597 0.020529
22 0.232585 0.264499 0.034760 0.049854
19 0.534088 0.245802 0.033013 0.049114
16 0.572311 0.260842 0.033045 0.030762
22 0.834713 0.281726 0.032996 0.047653
23 0.776242 0.156917 0.154690 0.310129
14 0.172197 0.029162 0.025184 0.020529
14 0.474143 0.029883 0.025176 0.020534
14 0.775646 0.029147 0.025184 0.020534
13 0.168718 0.060318 0.019965 0.025658
13 0.469794 0.059938 0.019973 0.025658
13 0.770435 0.061404 0.019973 0.025663
14 0.172632 0.094397 0.025184 0.020534
14 0.473273 0.093662 0.025184 0.020529
14 0.774776 0.095133 0.025184 0.020529
10 0.181749 0.140599 0.136416 0.058641
8 0.483252 0.136566 0.136416 0.057915
8 0.784336 0.155975 0.136416 0.057920
1 0.143091 0.201081 0.024347 0.012464
1 0.444594 0.181638 0.024355 0.012459
1 0.744365 0.217558 0.024347 0.012459
3 0.112237 0.216481 0.016502 0.030027
3 0.714824 0.232958 0.015649 0.030022
5 0.233012 0.209877 0.016494 0.030056
5 0.534104 0.189699 0.016494 0.030056
5 0.834737 0.225623 0.016494 0.030056
4 0.142648 0.228200 0.021721 0.018308
4 0.444594 0.208036 0.021721 0.018308
4 0.745235 0.243220 0.021721 0.018308
15 0.172624 0.267432 0.024331 0.021990
15 0.474135 0.267412 0.024331 0.021990
15 0.774776 0.267412 0.024331 0.021990
2 0.112229 0.249839 0.025192 0.008815
2 0.143091 0.249820 0.025192 0.008811
2 0.414191 0.230026 0.025192 0.008811
2 0.444602 0.230766 0.025192 0.008815
2 0.713962 0.265956 0.025192 0.008815
2 0.745235 0.266686 0.025192 0.008815
3 0.413764 0.197605 0.015649 0.029686
