14 0.114805 0.448060 0.037510 0.036787
13 0.108801 0.499939 0.030808 0.040453
14 0.115007 0.558010 0.037648 0.038370
7 0.126381 0.664794 0.194967 0.142514
14 0.199767 0.768361 0.036876 0.036460
3 0.199914 0.832687 0.024171 0.053354
2 0.200180 0.887675 0.037611 0.015125
6 0.127758 0.885996 0.062021 0.038524
15 0.115218 0.842826 0.036702 0.035287
1 0.071952 0.769239 0.035215 0.019842
4 0.072384 0.814031 0.031607 0.031807
2 0.072026 0.850382 0.036803 0.015099
2 0.030055 0.850542 0.037886 0.015952
0 0.024739 0.792183 0.027806 0.031775
23 0.113584 0.657841 0.224673 0.529096
