8 0.101785 0.212406 0.149401 0.072547
2 0.026247 0.367853 0.026914 0.009508
14 0.420151 0.115384 0.026879 0.024946
14 0.092324 0.033662 0.026836 0.024668
1 0.158394 0.307083 0.025930 0.013915
13 0.087248 0.072168 0.021874 0.028518
4 0.158437 0.340090 0.022886 0.022264
2 0.387198 0.367968 0.026950 0.009724
7 0.429690 0.212152 0.149536 0.104213
15 0.420186 0.322224 0.026836 0.024600
1 0.387162 0.307020 0.025474 0.013983
14 0.748049 0.033527 0.026879 0.024946
14 0.747999 0.115471 0.026872 0.025211
8 0.757588 0.208489 0.149372 0.072672
14 0.092288 0.115452 0.027000 0.025350
2 0.158394 0.367834 0.026950 0.009551
15 0.092324 0.322132 0.026829 0.024480
14 0.420144 0.033604 0.026872 0.024942
3 0.486321 0.326617 0.016812 0.037290
4 0.387098 0.340061 0.023307 0.022312
2 0.354095 0.367906 0.026950 0.009503
3 0.814183 0.326631 0.016819 0.037463
15 0.748070 0.322123 0.026914 0.024600
1 0.715024 0.307092 0.025381 0.013838
4 0.715039 0.340037 0.023307 0.022173
2 0.715267 0.367901 0.026850 0.009508
2 0.681957 0.367925 0.026943 0.009556
0 0.022646 0.323531 0.019870 0.021587
13 0.415110 0.072278 0.021874 0.028758
2 0.486314 0.367848 0.026950 0.009613
0 0.350238 0.323670 0.019300 0.021697
13 0.742944 0.072192 0.021874 0.028470
2 0.814133 0.367853 0.026950 0.009604
0 0.678392 0.323704 0.019849 0.021832
