23 0.143328 0.262425 0.200981 0.489040
15 0.099538 0.428844 0.028187 0.029333
14 0.132337 0.056259 0.030824 0.030134
13 0.127708 0.099057 0.026384 0.039241
14 0.132192 0.142432 0.033678 0.034967
25 0.139577 0.266258 0.165255 0.214812
5 0.199983 0.404945 0.020794 0.043112
22 0.200147 0.467009 0.037891 0.068036
6 0.143328 0.473084 0.051192 0.030500
15 0.132863 0.438848 0.032328 0.030763
2 0.099366 0.457870 0.030063 0.015176
2 0.064891 0.457883 0.031630 0.014266
3 0.064900 0.414008 0.020975 0.043426
1 0.099076 0.392897 0.031150 0.019438
