2 0.087430 0.402049 0.042518 0.015689
23 0.176271 0.274089 0.332042 0.542830
23 0.642585 0.271744 0.264213 0.534114
14 0.137726 0.054522 0.044789 0.038344
2 0.539007 0.484505 0.044484 0.016016
2 0.588862 0.484665 0.043128 0.016208
14 0.137958 0.167318 0.045094 0.036979
14 0.237952 0.317612 0.043727 0.037306
14 0.638518 0.055080 0.043202 0.036979
14 0.638255 0.167087 0.043128 0.037171
14 0.738859 0.395608 0.035875 0.029884
13 0.130137 0.107587 0.037315 0.041344
13 0.630886 0.107587 0.037610 0.041863
3 0.037764 0.345933 0.030062 0.054751
3 0.538744 0.427735 0.029158 0.053905
1 0.088260 0.318753 0.042676 0.021354
1 0.589051 0.400683 0.041394 0.021938
2 0.038026 0.401856 0.042518 0.016208
2 0.313066 0.528809 0.040027 0.016471
4 0.088628 0.364647 0.039050 0.033076
4 0.589083 0.446193 0.039050 0.032615
5 0.238330 0.371421 0.028170 0.053123
5 0.739164 0.432164 0.022736 0.042837
15 0.137874 0.422006 0.043727 0.036069
15 0.638066 0.421878 0.044106 0.037107
22 0.738596 0.496156 0.046071 0.070183
16 0.313591 0.474969 0.050759 0.050322
17 0.238215 0.449705 0.097587 0.083007
8 0.149510 0.241045 0.235569 0.105926
11 0.651772 0.280928 0.231796 0.188542
