14 0.092968 0.075065 0.029556 0.028904
13 0.088084 0.116832 0.024219 0.032358
14 0.092669 0.162661 0.029864 0.029231
11 0.102799 0.251956 0.156122 0.147654
1 0.025485 0.345769 0.027535 0.017445
4 0.025159 0.381838 0.026239 0.026430
2 0.025811 0.411293 0.029112 0.012433
23 0.096157 0.245054 0.174216 0.416806
15 0.092741 0.398277 0.030407 0.030275
2 0.160152 0.411325 0.030860 0.012106
3 0.160605 0.367187 0.019281 0.042446
14 0.428253 0.074834 0.029102 0.029622
13 0.423995 0.115883 0.024418 0.032756
14 0.428507 0.162847 0.030308 0.029199
8 0.437858 0.260550 0.157101 0.080796
1 0.361196 0.346211 0.028323 0.017682
4 0.361024 0.381658 0.026040 0.025616
2 0.360780 0.411261 0.029610 0.011728
23 0.430763 0.245060 0.177668 0.415640
15 0.428879 0.397918 0.032265 0.030013
2 0.496262 0.411607 0.029954 0.011920
3 0.496117 0.367027 0.020178 0.043747
14 0.765886 0.075277 0.031377 0.028481
13 0.762869 0.117056 0.028903 0.037242
14 0.767172 0.163020 0.031168 0.030359
9 0.775381 0.255071 0.158333 0.116475
1 0.698068 0.346057 0.030733 0.018925
4 0.699037 0.381985 0.027281 0.026020
2 0.699744 0.411543 0.030335 0.013241
15 0.766130 0.397809 0.030425 0.029077
3 0.834275 0.367706 0.019861 0.043330
2 0.834057 0.411319 0.030661 0.012433
23 0.768522 0.245598 0.178321 0.418607
